python3 train.py key=JKNet_Cora JKNet_Cora.n_tri=100 JKNet_Cora.n_layer=5 JKNet_Cora.jk_mode=lstm JKNet_Cora.att_mode=go JKNet_Cora.pre_transform="HomophilyRank2\(border\=0.3\)"
config: {'seed': 42, 'epochs': 200, 'patience': 100, 'learning_rate': 0.005, 'weight_decay': 0.0005, 'dropout': 0.5, 'model': 'JKNet_GCNConv', 'n_layer': 5, 'n_hid': 16, 'task': 'transductive', 'pre_transform': 'HomophilyRank2(border=0.3)', 'split': 'public', 'n_tri': 100, 'dataset': 'Cora', 'transform': 'None', 'n_feat': 1433, 'n_class': 7, 'jk_mode': 'lstm', 'att_mode': 'go'}

whole test_acc (100 tries) = [0.796 0.784 0.768 0.778 0.773 0.808 0.752 0.773 0.775 0.788 0.777 0.727
 0.769 0.795 0.764 0.773 0.774 0.778 0.769 0.769 0.795 0.769 0.767 0.778
 0.784 0.79  0.779 0.813 0.766 0.763 0.775 0.772 0.807 0.779 0.788 0.788
 0.789 0.753 0.765 0.761 0.773 0.779 0.778 0.758 0.757 0.791 0.786 0.783
 0.785 0.78  0.777 0.762 0.764 0.758 0.771 0.768 0.77  0.778 0.737 0.787
 0.79  0.78  0.787 0.771 0.743 0.782 0.801 0.764 0.773 0.745 0.772 0.759
 0.736 0.776 0.78  0.79  0.761 0.77  0.78  0.761 0.788 0.765 0.753 0.799
 0.759 0.782 0.731 0.774 0.782 0.758 0.762 0.772 0.79  0.761 0.777 0.779
 0.766 0.769 0.763 0.769]
	ave=0.773 max=0.813 min=0.727
whole test_acc_top (100 tries) = [0.524 0.526 0.51  0.518 0.504 0.548 0.506 0.53  0.52  0.522 0.504 0.51
 0.538 0.5   0.518 0.506 0.5   0.53  0.496 0.496 0.516 0.508 0.526 0.496
 0.512 0.514 0.504 0.526 0.512 0.522 0.52  0.512 0.512 0.522 0.498 0.49
 0.512 0.518 0.518 0.522 0.516 0.53  0.504 0.508 0.484 0.53  0.492 0.504
 0.512 0.502 0.508 0.514 0.52  0.514 0.504 0.52  0.524 0.518 0.5   0.518
 0.502 0.508 0.492 0.514 0.502 0.504 0.506 0.51  0.51  0.462 0.486 0.49
 0.508 0.522 0.51  0.522 0.516 0.524 0.51  0.516 0.516 0.49  0.48  0.494
 0.524 0.524 0.51  0.508 0.522 0.496 0.49  0.512 0.518 0.512 0.528 0.508
 0.52  0.508 0.484 0.498]
	ave=0.510 max=0.548 min=0.462
whole test_acc_bot (100 tries) = [0.794 0.778 0.792 0.768 0.726 0.834 0.694 0.77  0.764 0.78  0.78  0.692
 0.768 0.79  0.724 0.742 0.738 0.78  0.746 0.766 0.778 0.738 0.776 0.776
 0.78  0.79  0.792 0.802 0.752 0.746 0.796 0.756 0.778 0.756 0.788 0.786
 0.808 0.744 0.762 0.708 0.766 0.776 0.768 0.712 0.734 0.798 0.8   0.734
 0.762 0.746 0.752 0.75  0.754 0.738 0.748 0.74  0.734 0.762 0.724 0.802
 0.772 0.796 0.758 0.72  0.674 0.764 0.796 0.724 0.742 0.738 0.748 0.732
 0.686 0.78  0.754 0.79  0.718 0.738 0.742 0.742 0.792 0.758 0.73  0.788
 0.712 0.776 0.656 0.758 0.772 0.692 0.726 0.748 0.768 0.712 0.774 0.756
 0.75  0.756 0.696 0.722]
	ave=0.755 max=0.834 min=0.656

python3 train.py key=JKNet_Cora JKNet_Cora.n_tri=100 JKNet_Cora.n_layer=5 JKNet_Cora.jk_mode=lstm JKNet_Cora.att_mode=go JKNet_Cora.pre_transform="HomophilyRank2\(border\=0.4\)"
config: {'seed': 42, 'epochs': 200, 'patience': 100, 'learning_rate': 0.005, 'weight_decay': 0.0005, 'dropout': 0.5, 'model': 'JKNet_GCNConv', 'n_layer': 5, 'n_hid': 16, 'task': 'transductive', 'pre_transform': 'HomophilyRank2(border=0.4)', 'split': 'public', 'n_tri': 100, 'dataset': 'Cora', 'transform': 'None', 'n_feat': 1433, 'n_class': 7, 'jk_mode': 'lstm', 'att_mode': 'go'}

whole test_acc (100 tries) = [0.772 0.789 0.783 0.774 0.768 0.766 0.772 0.778 0.766 0.793 0.759 0.793
 0.781 0.768 0.781 0.772 0.786 0.787 0.803 0.776 0.778 0.767 0.775 0.761
 0.763 0.765 0.797 0.78  0.766 0.77  0.762 0.774 0.791 0.777 0.751 0.787
 0.772 0.766 0.784 0.792 0.767 0.767 0.763 0.784 0.792 0.794 0.745 0.771
 0.768 0.781 0.783 0.776 0.755 0.773 0.804 0.763 0.758 0.78  0.767 0.779
 0.775 0.751 0.778 0.751 0.761 0.783 0.761 0.748 0.769 0.765 0.766 0.76
 0.749 0.804 0.784 0.779 0.791 0.793 0.768 0.758 0.766 0.789 0.737 0.783
 0.774 0.782 0.784 0.766 0.779 0.777 0.751 0.792 0.778 0.762 0.758 0.795
 0.771 0.787 0.785 0.784]
	ave=0.774 max=0.804 min=0.737
whole test_acc_top (100 tries) = [0.498 0.476 0.482 0.48  0.508 0.468 0.482 0.486 0.488 0.502 0.486 0.486
 0.486 0.484 0.496 0.494 0.49  0.482 0.482 0.474 0.466 0.474 0.478 0.47
 0.474 0.476 0.49  0.484 0.486 0.48  0.482 0.496 0.5   0.502 0.466 0.51
 0.47  0.482 0.482 0.496 0.502 0.484 0.482 0.504 0.484 0.484 0.462 0.504
 0.476 0.478 0.486 0.49  0.474 0.49  0.502 0.482 0.456 0.506 0.466 0.484
 0.478 0.48  0.48  0.47  0.48  0.488 0.484 0.484 0.474 0.482 0.458 0.476
 0.49  0.484 0.5   0.504 0.492 0.5   0.488 0.47  0.492 0.478 0.462 0.48
 0.488 0.486 0.502 0.466 0.466 0.486 0.462 0.49  0.5   0.492 0.48  0.474
 0.466 0.502 0.484 0.486]
	ave=0.484 max=0.510 min=0.456
whole test_acc_bot (100 tries) = [0.772 0.8   0.776 0.776 0.758 0.772 0.748 0.784 0.772 0.802 0.73  0.784
 0.768 0.744 0.756 0.766 0.784 0.796 0.78  0.764 0.802 0.742 0.73  0.692
 0.758 0.71  0.802 0.77  0.746 0.776 0.734 0.766 0.81  0.768 0.724 0.778
 0.746 0.78  0.768 0.764 0.756 0.778 0.726 0.778 0.796 0.786 0.696 0.768
 0.75  0.786 0.744 0.778 0.748 0.742 0.81  0.762 0.72  0.746 0.728 0.778
 0.736 0.728 0.754 0.722 0.734 0.784 0.748 0.698 0.762 0.724 0.722 0.724
 0.708 0.79  0.792 0.766 0.784 0.766 0.782 0.752 0.752 0.81  0.64  0.772
 0.772 0.778 0.786 0.73  0.796 0.786 0.746 0.788 0.778 0.744 0.742 0.784
 0.748 0.784 0.79  0.784]
	ave=0.761 max=0.810 min=0.640

python3 train.py key=JKNet_Cora JKNet_Cora.n_tri=100 JKNet_Cora.n_layer=5 JKNet_Cora.jk_mode=lstm JKNet_Cora.att_mode=go JKNet_Cora.pre_transform="HomophilyRank2\(border\=0.5\)"
config: {'seed': 42, 'epochs': 200, 'patience': 100, 'learning_rate': 0.005, 'weight_decay': 0.0005, 'dropout': 0.5, 'model': 'JKNet_GCNConv', 'n_layer': 5, 'n_hid': 16, 'task': 'transductive', 'pre_transform': 'HomophilyRank2(border=0.5)', 'split': 'public', 'n_tri': 100, 'dataset': 'Cora', 'transform': 'None', 'n_feat': 1433, 'n_class': 7, 'jk_mode': 'lstm', 'att_mode': 'go'}

whole test_acc (100 tries) = [0.775 0.771 0.781 0.775 0.787 0.756 0.773 0.775 0.782 0.765 0.747 0.78
 0.787 0.78  0.781 0.779 0.781 0.791 0.768 0.787 0.783 0.772 0.756 0.749
 0.777 0.79  0.786 0.783 0.784 0.743 0.783 0.752 0.775 0.768 0.722 0.778
 0.759 0.795 0.766 0.758 0.716 0.776 0.765 0.786 0.79  0.776 0.785 0.769
 0.763 0.789 0.794 0.809 0.793 0.783 0.762 0.744 0.785 0.735 0.784 0.787
 0.781 0.774 0.777 0.776 0.776 0.778 0.756 0.769 0.771 0.777 0.77  0.793
 0.777 0.773 0.758 0.801 0.736 0.762 0.753 0.756 0.793 0.794 0.76  0.756
 0.758 0.758 0.794 0.775 0.752 0.757 0.778 0.776 0.792 0.761 0.795 0.785
 0.79  0.771 0.792 0.778]
	ave=0.773 max=0.809 min=0.716
whole test_acc_top (100 tries) = [0.46  0.45  0.46  0.462 0.476 0.444 0.464 0.454 0.48  0.47  0.476 0.49
 0.488 0.474 0.488 0.456 0.478 0.474 0.46  0.472 0.484 0.458 0.478 0.45
 0.466 0.484 0.478 0.474 0.476 0.45  0.47  0.45  0.476 0.448 0.438 0.472
 0.472 0.478 0.462 0.492 0.432 0.47  0.464 0.458 0.476 0.478 0.468 0.454
 0.446 0.466 0.472 0.486 0.466 0.478 0.47  0.474 0.484 0.482 0.462 0.484
 0.474 0.468 0.484 0.472 0.466 0.456 0.472 0.428 0.476 0.468 0.456 0.468
 0.462 0.472 0.458 0.492 0.45  0.46  0.456 0.446 0.458 0.478 0.458 0.462
 0.47  0.46  0.47  0.482 0.45  0.452 0.474 0.472 0.456 0.452 0.486 0.472
 0.484 0.486 0.488 0.472]
	ave=0.468 max=0.492 min=0.428
whole test_acc_bot (100 tries) = [0.766 0.764 0.762 0.786 0.796 0.724 0.76  0.76  0.768 0.748 0.736 0.768
 0.782 0.8   0.808 0.804 0.804 0.814 0.786 0.774 0.784 0.766 0.764 0.766
 0.788 0.792 0.776 0.78  0.806 0.734 0.782 0.774 0.728 0.742 0.682 0.772
 0.748 0.812 0.746 0.746 0.646 0.792 0.776 0.77  0.78  0.776 0.81  0.75
 0.732 0.802 0.798 0.79  0.808 0.78  0.732 0.736 0.77  0.71  0.818 0.788
 0.796 0.776 0.788 0.768 0.79  0.8   0.76  0.788 0.798 0.784 0.814 0.79
 0.806 0.792 0.782 0.832 0.704 0.772 0.734 0.724 0.738 0.81  0.77  0.74
 0.744 0.79  0.792 0.734 0.738 0.73  0.764 0.74  0.832 0.758 0.816 0.822
 0.798 0.774 0.804 0.738]
	ave=0.772 max=0.832 min=0.646

python3 train.py key=JKNet_Cora JKNet_Cora.n_tri=100 JKNet_Cora.n_layer=5 JKNet_Cora.jk_mode=lstm JKNet_Cora.att_mode=go JKNet_Cora.pre_transform="HomophilyRank2\(border\=0.6\)"
config: {'seed': 42, 'epochs': 200, 'patience': 100, 'learning_rate': 0.005, 'weight_decay': 0.0005, 'dropout': 0.5, 'model': 'JKNet_GCNConv', 'n_layer': 5, 'n_hid': 16, 'task': 'transductive', 'pre_transform': 'HomophilyRank2(border=0.6)', 'split': 'public', 'n_tri': 100, 'dataset': 'Cora', 'transform': 'None', 'n_feat': 1433, 'n_class': 7, 'jk_mode': 'lstm', 'att_mode': 'go'}

whole test_acc (100 tries) = [0.776 0.757 0.771 0.787 0.763 0.762 0.784 0.779 0.787 0.758 0.77  0.79
 0.77  0.751 0.796 0.753 0.782 0.794 0.744 0.762 0.784 0.791 0.764 0.78
 0.763 0.797 0.779 0.8   0.776 0.771 0.779 0.78  0.782 0.76  0.798 0.792
 0.765 0.782 0.776 0.775 0.765 0.758 0.765 0.778 0.781 0.776 0.798 0.78
 0.787 0.755 0.798 0.778 0.784 0.763 0.788 0.753 0.78  0.775 0.748 0.779
 0.787 0.787 0.751 0.75  0.786 0.757 0.789 0.755 0.765 0.766 0.771 0.779
 0.754 0.75  0.794 0.772 0.79  0.772 0.784 0.769 0.759 0.777 0.788 0.787
 0.795 0.782 0.778 0.794 0.773 0.786 0.809 0.769 0.786 0.791 0.771 0.782
 0.783 0.771 0.769 0.757]
	ave=0.776 max=0.809 min=0.744
whole test_acc_top (100 tries) = [0.454 0.438 0.438 0.466 0.428 0.432 0.442 0.45  0.44  0.436 0.434 0.44
 0.46  0.42  0.442 0.416 0.428 0.442 0.422 0.426 0.444 0.45  0.428 0.438
 0.446 0.46  0.442 0.446 0.444 0.448 0.45  0.452 0.438 0.434 0.48  0.452
 0.454 0.448 0.448 0.45  0.442 0.452 0.45  0.448 0.436 0.434 0.464 0.456
 0.436 0.442 0.462 0.438 0.446 0.438 0.444 0.434 0.44  0.456 0.448 0.44
 0.448 0.464 0.444 0.442 0.444 0.438 0.466 0.426 0.45  0.428 0.438 0.452
 0.396 0.434 0.464 0.442 0.458 0.438 0.442 0.456 0.422 0.424 0.46  0.44
 0.466 0.458 0.444 0.456 0.448 0.466 0.462 0.436 0.462 0.448 0.45  0.458
 0.442 0.45  0.468 0.44 ]
	ave=0.445 max=0.480 min=0.396
whole test_acc_bot (100 tries) = [0.766 0.768 0.75  0.812 0.774 0.768 0.802 0.778 0.812 0.808 0.786 0.822
 0.772 0.738 0.788 0.734 0.8   0.792 0.726 0.766 0.82  0.81  0.786 0.788
 0.784 0.848 0.8   0.832 0.806 0.806 0.78  0.812 0.818 0.764 0.784 0.794
 0.798 0.796 0.78  0.788 0.762 0.762 0.792 0.804 0.816 0.778 0.806 0.814
 0.83  0.764 0.83  0.812 0.804 0.794 0.79  0.756 0.794 0.774 0.766 0.756
 0.798 0.824 0.76  0.786 0.81  0.754 0.816 0.734 0.762 0.792 0.78  0.8
 0.762 0.768 0.808 0.766 0.802 0.816 0.824 0.8   0.724 0.778 0.778 0.812
 0.824 0.8   0.804 0.834 0.774 0.792 0.81  0.806 0.824 0.81  0.778 0.782
 0.824 0.778 0.782 0.76 ]
	ave=0.790 max=0.848 min=0.724

python3 train.py key=JKNet_Cora JKNet_Cora.n_tri=100 JKNet_Cora.n_layer=5 JKNet_Cora.jk_mode=lstm JKNet_Cora.att_mode=go JKNet_Cora.pre_transform="HomophilyRank2\(border\=0.7\)"
config: {'seed': 42, 'epochs': 200, 'patience': 100, 'learning_rate': 0.005, 'weight_decay': 0.0005, 'dropout': 0.5, 'model': 'JKNet_GCNConv', 'n_layer': 5, 'n_hid': 16, 'task': 'transductive', 'pre_transform': 'HomophilyRank2(border=0.7)', 'split': 'public', 'n_tri': 100, 'dataset': 'Cora', 'transform': 'None', 'n_feat': 1433, 'n_class': 7, 'jk_mode': 'lstm', 'att_mode': 'go'}

whole test_acc (100 tries) = [0.771 0.793 0.783 0.796 0.769 0.793 0.767 0.777 0.767 0.799 0.77  0.772
 0.742 0.773 0.788 0.774 0.789 0.753 0.774 0.765 0.793 0.787 0.787 0.728
 0.798 0.771 0.79  0.772 0.78  0.764 0.763 0.759 0.782 0.795 0.774 0.799
 0.774 0.783 0.791 0.789 0.798 0.794 0.765 0.778 0.767 0.804 0.751 0.761
 0.781 0.762 0.758 0.758 0.803 0.754 0.786 0.758 0.759 0.765 0.754 0.778
 0.786 0.796 0.783 0.789 0.785 0.76  0.794 0.775 0.767 0.789 0.771 0.771
 0.761 0.776 0.761 0.79  0.754 0.757 0.765 0.778 0.777 0.785 0.761 0.783
 0.794 0.766 0.804 0.777 0.744 0.789 0.8   0.795 0.775 0.74  0.768 0.799
 0.788 0.783 0.753 0.759]
	ave=0.776 max=0.804 min=0.728
whole test_acc_top (100 tries) = [0.45  0.444 0.422 0.458 0.422 0.454 0.426 0.434 0.44  0.444 0.412 0.444
 0.42  0.446 0.442 0.434 0.456 0.416 0.456 0.442 0.424 0.45  0.444 0.404
 0.448 0.428 0.442 0.456 0.44  0.438 0.432 0.414 0.434 0.444 0.432 0.458
 0.432 0.446 0.43  0.446 0.448 0.458 0.432 0.44  0.448 0.452 0.432 0.446
 0.438 0.432 0.424 0.43  0.446 0.426 0.426 0.414 0.432 0.42  0.418 0.452
 0.458 0.44  0.454 0.436 0.442 0.438 0.436 0.442 0.41  0.444 0.43  0.43
 0.438 0.448 0.42  0.45  0.42  0.414 0.436 0.462 0.422 0.434 0.434 0.458
 0.448 0.414 0.454 0.43  0.426 0.442 0.454 0.466 0.44  0.42  0.454 0.446
 0.442 0.446 0.426 0.434]
	ave=0.438 max=0.466 min=0.404
whole test_acc_bot (100 tries) = [0.762 0.84  0.824 0.838 0.806 0.852 0.81  0.794 0.78  0.83  0.808 0.776
 0.768 0.782 0.812 0.77  0.832 0.778 0.8   0.766 0.836 0.826 0.838 0.756
 0.836 0.83  0.824 0.78  0.794 0.782 0.756 0.8   0.794 0.822 0.784 0.828
 0.816 0.808 0.83  0.844 0.836 0.83  0.786 0.794 0.8   0.82  0.728 0.768
 0.832 0.804 0.754 0.786 0.838 0.768 0.786 0.788 0.79  0.804 0.786 0.84
 0.818 0.84  0.798 0.83  0.832 0.742 0.858 0.788 0.806 0.848 0.792 0.802
 0.772 0.806 0.804 0.81  0.782 0.772 0.78  0.83  0.808 0.826 0.814 0.808
 0.81  0.778 0.826 0.82  0.77  0.83  0.836 0.844 0.826 0.718 0.772 0.842
 0.818 0.822 0.808 0.766]
	ave=0.804 max=0.858 min=0.718

python3 train.py key=JKNet_Cora JKNet_Cora.n_tri=100 JKNet_Cora.n_layer=5 JKNet_Cora.jk_mode=lstm JKNet_Cora.att_mode=mx JKNet_Cora.pre_transform="HomophilyRank2\(border\=0.3\)"
config: {'seed': 42, 'epochs': 200, 'patience': 100, 'learning_rate': 0.005, 'weight_decay': 0.0005, 'dropout': 0.5, 'model': 'JKNet_GCNConv', 'n_layer': 5, 'n_hid': 16, 'task': 'transductive', 'pre_transform': 'HomophilyRank2(border=0.3)', 'split': 'public', 'n_tri': 100, 'dataset': 'Cora', 'transform': 'None', 'n_feat': 1433, 'n_class': 7, 'jk_mode': 'lstm', 'att_mode': 'mx'}

whole test_acc (100 tries) = [0.776 0.762 0.776 0.737 0.796 0.775 0.785 0.787 0.784 0.791 0.785 0.79
 0.79  0.784 0.766 0.791 0.784 0.787 0.783 0.775 0.784 0.792 0.765 0.78
 0.785 0.79  0.761 0.771 0.78  0.758 0.783 0.759 0.795 0.777 0.748 0.766
 0.78  0.772 0.764 0.794 0.781 0.797 0.793 0.791 0.772 0.76  0.768 0.748
 0.772 0.763 0.784 0.781 0.761 0.767 0.77  0.779 0.796 0.771 0.775 0.778
 0.775 0.777 0.754 0.767 0.761 0.799 0.759 0.776 0.775 0.774 0.767 0.79
 0.756 0.781 0.774 0.78  0.771 0.801 0.786 0.793 0.76  0.775 0.794 0.791
 0.763 0.773 0.781 0.78  0.766 0.777 0.773 0.783 0.798 0.777 0.785 0.732
 0.792 0.765 0.762 0.783]
	ave=0.776 max=0.801 min=0.732
whole test_acc_top (100 tries) = [0.508 0.486 0.502 0.486 0.518 0.51  0.52  0.534 0.526 0.54  0.506 0.518
 0.506 0.512 0.514 0.524 0.512 0.54  0.5   0.49  0.506 0.508 0.498 0.544
 0.504 0.524 0.5   0.522 0.526 0.504 0.514 0.518 0.516 0.516 0.508 0.49
 0.504 0.516 0.49  0.512 0.502 0.498 0.498 0.532 0.482 0.478 0.506 0.49
 0.498 0.496 0.522 0.518 0.496 0.506 0.516 0.518 0.518 0.514 0.51  0.5
 0.532 0.504 0.502 0.508 0.5   0.528 0.498 0.5   0.5   0.502 0.492 0.498
 0.522 0.512 0.51  0.506 0.522 0.508 0.512 0.488 0.498 0.49  0.52  0.524
 0.524 0.494 0.502 0.492 0.508 0.508 0.518 0.51  0.542 0.504 0.508 0.504
 0.516 0.49  0.5   0.522]
	ave=0.509 max=0.544 min=0.478
whole test_acc_bot (100 tries) = [0.758 0.786 0.752 0.738 0.776 0.764 0.752 0.752 0.758 0.76  0.762 0.768
 0.804 0.784 0.724 0.746 0.766 0.79  0.8   0.728 0.774 0.756 0.774 0.776
 0.752 0.788 0.71  0.774 0.768 0.722 0.726 0.726 0.776 0.742 0.73  0.73
 0.78  0.732 0.756 0.764 0.758 0.816 0.766 0.774 0.746 0.714 0.768 0.744
 0.766 0.758 0.774 0.778 0.754 0.724 0.764 0.752 0.816 0.732 0.764 0.734
 0.724 0.724 0.712 0.738 0.752 0.808 0.736 0.774 0.768 0.734 0.746 0.768
 0.726 0.764 0.736 0.782 0.77  0.798 0.758 0.82  0.716 0.798 0.79  0.784
 0.72  0.788 0.782 0.764 0.752 0.776 0.752 0.784 0.79  0.768 0.792 0.672
 0.774 0.746 0.738 0.786]
	ave=0.759 max=0.820 min=0.672

python3 train.py key=JKNet_Cora JKNet_Cora.n_tri=100 JKNet_Cora.n_layer=5 JKNet_Cora.jk_mode=lstm JKNet_Cora.att_mode=mx JKNet_Cora.pre_transform="HomophilyRank2\(border\=0.4\)"
config: {'seed': 42, 'epochs': 200, 'patience': 100, 'learning_rate': 0.005, 'weight_decay': 0.0005, 'dropout': 0.5, 'model': 'JKNet_GCNConv', 'n_layer': 5, 'n_hid': 16, 'task': 'transductive', 'pre_transform': 'HomophilyRank2(border=0.4)', 'split': 'public', 'n_tri': 100, 'dataset': 'Cora', 'transform': 'None', 'n_feat': 1433, 'n_class': 7, 'jk_mode': 'lstm', 'att_mode': 'mx'}

whole test_acc (100 tries) = [0.785 0.761 0.755 0.726 0.778 0.799 0.793 0.783 0.768 0.795 0.771 0.791
 0.818 0.77  0.757 0.782 0.759 0.767 0.789 0.757 0.767 0.788 0.787 0.779
 0.791 0.769 0.782 0.78  0.772 0.745 0.781 0.764 0.771 0.783 0.757 0.783
 0.77  0.801 0.771 0.732 0.776 0.738 0.787 0.757 0.797 0.805 0.771 0.786
 0.789 0.757 0.784 0.764 0.784 0.784 0.762 0.79  0.773 0.776 0.783 0.814
 0.775 0.771 0.785 0.733 0.777 0.796 0.794 0.781 0.771 0.75  0.783 0.772
 0.779 0.768 0.759 0.745 0.761 0.763 0.788 0.781 0.803 0.765 0.765 0.756
 0.793 0.743 0.779 0.797 0.769 0.775 0.735 0.769 0.786 0.795 0.796 0.791
 0.789 0.771 0.759 0.783]
	ave=0.775 max=0.818 min=0.726
whole test_acc_top (100 tries) = [0.484 0.454 0.464 0.456 0.476 0.48  0.484 0.474 0.46  0.494 0.498 0.5
 0.514 0.484 0.444 0.478 0.45  0.466 0.472 0.46  0.498 0.51  0.482 0.478
 0.49  0.488 0.49  0.48  0.458 0.472 0.492 0.48  0.48  0.498 0.45  0.506
 0.492 0.482 0.458 0.47  0.476 0.472 0.484 0.466 0.5   0.512 0.46  0.472
 0.476 0.478 0.478 0.484 0.472 0.468 0.474 0.49  0.45  0.482 0.494 0.486
 0.484 0.472 0.476 0.468 0.478 0.498 0.508 0.484 0.5   0.474 0.494 0.474
 0.484 0.478 0.484 0.472 0.498 0.47  0.482 0.468 0.482 0.48  0.486 0.49
 0.484 0.478 0.498 0.5   0.472 0.484 0.472 0.472 0.47  0.476 0.496 0.474
 0.492 0.48  0.442 0.484]
	ave=0.480 max=0.514 min=0.442
whole test_acc_bot (100 tries) = [0.792 0.726 0.754 0.63  0.782 0.81  0.76  0.76  0.76  0.784 0.742 0.802
 0.818 0.74  0.742 0.756 0.724 0.764 0.796 0.766 0.772 0.758 0.754 0.786
 0.804 0.758 0.782 0.786 0.768 0.71  0.772 0.716 0.752 0.776 0.74  0.786
 0.718 0.82  0.796 0.69  0.748 0.702 0.76  0.778 0.806 0.812 0.782 0.802
 0.794 0.738 0.788 0.758 0.76  0.818 0.734 0.796 0.784 0.74  0.766 0.848
 0.764 0.764 0.786 0.684 0.732 0.798 0.808 0.768 0.748 0.716 0.794 0.74
 0.792 0.752 0.754 0.7   0.746 0.708 0.784 0.764 0.818 0.742 0.728 0.742
 0.768 0.762 0.804 0.844 0.756 0.764 0.696 0.762 0.786 0.828 0.81  0.802
 0.804 0.75  0.73  0.758]
	ave=0.765 max=0.848 min=0.630

python3 train.py key=JKNet_Cora JKNet_Cora.n_tri=100 JKNet_Cora.n_layer=5 JKNet_Cora.jk_mode=lstm JKNet_Cora.att_mode=mx JKNet_Cora.pre_transform="HomophilyRank2\(border\=0.5\)"
config: {'seed': 42, 'epochs': 200, 'patience': 100, 'learning_rate': 0.005, 'weight_decay': 0.0005, 'dropout': 0.5, 'model': 'JKNet_GCNConv', 'n_layer': 5, 'n_hid': 16, 'task': 'transductive', 'pre_transform': 'HomophilyRank2(border=0.5)', 'split': 'public', 'n_tri': 100, 'dataset': 'Cora', 'transform': 'None', 'n_feat': 1433, 'n_class': 7, 'jk_mode': 'lstm', 'att_mode': 'mx'}

whole test_acc (100 tries) = [0.788 0.782 0.785 0.795 0.782 0.785 0.765 0.767 0.768 0.78  0.789 0.781
 0.75  0.766 0.741 0.787 0.786 0.771 0.779 0.777 0.756 0.788 0.769 0.787
 0.758 0.79  0.75  0.777 0.789 0.769 0.76  0.773 0.76  0.791 0.774 0.761
 0.791 0.759 0.753 0.791 0.749 0.774 0.793 0.785 0.796 0.768 0.791 0.782
 0.733 0.749 0.781 0.764 0.769 0.765 0.779 0.782 0.775 0.77  0.777 0.761
 0.763 0.792 0.773 0.762 0.765 0.801 0.784 0.753 0.77  0.77  0.768 0.748
 0.78  0.79  0.79  0.789 0.781 0.761 0.773 0.788 0.777 0.785 0.777 0.779
 0.762 0.765 0.751 0.758 0.765 0.756 0.749 0.737 0.781 0.745 0.771 0.784
 0.774 0.803 0.781 0.762]
	ave=0.773 max=0.803 min=0.733
whole test_acc_top (100 tries) = [0.46  0.462 0.472 0.462 0.466 0.482 0.446 0.462 0.464 0.474 0.452 0.458
 0.482 0.446 0.462 0.458 0.468 0.47  0.474 0.472 0.47  0.468 0.456 0.46
 0.452 0.47  0.438 0.466 0.472 0.464 0.448 0.464 0.48  0.476 0.468 0.438
 0.462 0.452 0.428 0.47  0.458 0.456 0.47  0.45  0.476 0.444 0.48  0.474
 0.442 0.462 0.458 0.464 0.456 0.472 0.47  0.46  0.448 0.466 0.488 0.468
 0.464 0.49  0.478 0.464 0.46  0.474 0.454 0.438 0.472 0.474 0.458 0.48
 0.478 0.468 0.468 0.476 0.452 0.448 0.476 0.478 0.474 0.456 0.48  0.458
 0.456 0.456 0.452 0.468 0.458 0.43  0.478 0.456 0.48  0.454 0.458 0.468
 0.47  0.486 0.472 0.43 ]
	ave=0.463 max=0.490 min=0.428
whole test_acc_bot (100 tries) = [0.772 0.796 0.776 0.81  0.796 0.77  0.714 0.762 0.732 0.732 0.79  0.808
 0.746 0.712 0.71  0.804 0.784 0.746 0.78  0.776 0.764 0.802 0.758 0.798
 0.754 0.798 0.746 0.794 0.79  0.782 0.756 0.746 0.712 0.792 0.776 0.748
 0.808 0.728 0.726 0.8   0.728 0.772 0.794 0.798 0.808 0.796 0.774 0.794
 0.702 0.754 0.778 0.756 0.772 0.76  0.774 0.784 0.796 0.77  0.744 0.736
 0.722 0.804 0.77  0.782 0.76  0.84  0.826 0.736 0.73  0.784 0.778 0.72
 0.764 0.78  0.8   0.798 0.806 0.782 0.778 0.802 0.75  0.8   0.744 0.778
 0.756 0.75  0.754 0.676 0.746 0.772 0.732 0.686 0.792 0.714 0.792 0.764
 0.722 0.842 0.794 0.756]
	ave=0.768 max=0.842 min=0.676

python3 train.py key=JKNet_Cora JKNet_Cora.n_tri=100 JKNet_Cora.n_layer=5 JKNet_Cora.jk_mode=lstm JKNet_Cora.att_mode=mx JKNet_Cora.pre_transform="HomophilyRank2\(border\=0.6\)"
config: {'seed': 42, 'epochs': 200, 'patience': 100, 'learning_rate': 0.005, 'weight_decay': 0.0005, 'dropout': 0.5, 'model': 'JKNet_GCNConv', 'n_layer': 5, 'n_hid': 16, 'task': 'transductive', 'pre_transform': 'HomophilyRank2(border=0.6)', 'split': 'public', 'n_tri': 100, 'dataset': 'Cora', 'transform': 'None', 'n_feat': 1433, 'n_class': 7, 'jk_mode': 'lstm', 'att_mode': 'mx'}

whole test_acc (100 tries) = [0.775 0.776 0.751 0.777 0.772 0.775 0.78  0.771 0.767 0.771 0.788 0.769
 0.771 0.778 0.782 0.767 0.78  0.783 0.782 0.76  0.786 0.779 0.732 0.788
 0.779 0.77  0.773 0.803 0.767 0.788 0.79  0.771 0.754 0.809 0.772 0.798
 0.781 0.77  0.798 0.77  0.762 0.721 0.75  0.769 0.755 0.779 0.789 0.776
 0.775 0.768 0.751 0.78  0.795 0.777 0.803 0.784 0.758 0.779 0.77  0.773
 0.752 0.76  0.789 0.783 0.75  0.774 0.769 0.784 0.775 0.801 0.771 0.76
 0.75  0.763 0.779 0.782 0.762 0.745 0.793 0.783 0.795 0.755 0.752 0.745
 0.783 0.73  0.783 0.793 0.785 0.781 0.782 0.775 0.779 0.776 0.78  0.795
 0.782 0.764 0.779 0.8  ]
	ave=0.774 max=0.809 min=0.721
whole test_acc_top (100 tries) = [0.44  0.454 0.452 0.442 0.45  0.43  0.45  0.444 0.43  0.442 0.442 0.434
 0.46  0.436 0.456 0.43  0.45  0.456 0.434 0.426 0.46  0.458 0.432 0.436
 0.436 0.452 0.466 0.462 0.45  0.464 0.458 0.44  0.448 0.464 0.436 0.454
 0.442 0.416 0.46  0.432 0.428 0.424 0.432 0.45  0.426 0.446 0.432 0.444
 0.46  0.436 0.426 0.446 0.438 0.43  0.446 0.44  0.444 0.45  0.454 0.442
 0.42  0.438 0.452 0.468 0.422 0.434 0.43  0.45  0.454 0.46  0.452 0.43
 0.434 0.43  0.446 0.446 0.436 0.44  0.46  0.442 0.458 0.452 0.436 0.448
 0.43  0.406 0.462 0.45  0.45  0.448 0.44  0.428 0.444 0.442 0.434 0.458
 0.44  0.422 0.448 0.474]
	ave=0.443 max=0.474 min=0.406
whole test_acc_bot (100 tries) = [0.8   0.796 0.746 0.814 0.778 0.788 0.792 0.792 0.754 0.794 0.822 0.804
 0.78  0.806 0.824 0.782 0.798 0.756 0.796 0.724 0.804 0.81  0.736 0.802
 0.816 0.772 0.81  0.816 0.768 0.79  0.824 0.77  0.764 0.822 0.806 0.802
 0.802 0.826 0.846 0.778 0.796 0.686 0.756 0.792 0.766 0.776 0.766 0.788
 0.826 0.748 0.808 0.75  0.802 0.802 0.836 0.814 0.752 0.764 0.776 0.766
 0.736 0.77  0.802 0.792 0.754 0.798 0.752 0.784 0.8   0.828 0.794 0.788
 0.734 0.78  0.822 0.79  0.762 0.762 0.798 0.812 0.828 0.754 0.744 0.732
 0.81  0.668 0.796 0.818 0.798 0.764 0.782 0.772 0.75  0.808 0.822 0.808
 0.816 0.81  0.83  0.818]
	ave=0.787 max=0.846 min=0.668

python3 train.py key=JKNet_Cora JKNet_Cora.n_tri=100 JKNet_Cora.n_layer=5 JKNet_Cora.jk_mode=lstm JKNet_Cora.att_mode=mx JKNet_Cora.pre_transform="HomophilyRank2\(border\=0.7\)"
config: {'seed': 42, 'epochs': 200, 'patience': 100, 'learning_rate': 0.005, 'weight_decay': 0.0005, 'dropout': 0.5, 'model': 'JKNet_GCNConv', 'n_layer': 5, 'n_hid': 16, 'task': 'transductive', 'pre_transform': 'HomophilyRank2(border=0.7)', 'split': 'public', 'n_tri': 100, 'dataset': 'Cora', 'transform': 'None', 'n_feat': 1433, 'n_class': 7, 'jk_mode': 'lstm', 'att_mode': 'mx'}

whole test_acc (100 tries) = [0.786 0.764 0.79  0.766 0.764 0.728 0.798 0.775 0.775 0.797 0.765 0.778
 0.763 0.78  0.777 0.745 0.785 0.784 0.767 0.774 0.791 0.781 0.778 0.789
 0.771 0.766 0.793 0.77  0.757 0.788 0.723 0.792 0.787 0.796 0.77  0.791
 0.778 0.76  0.764 0.776 0.757 0.776 0.776 0.772 0.78  0.764 0.746 0.769
 0.755 0.778 0.753 0.755 0.784 0.783 0.781 0.76  0.766 0.787 0.805 0.795
 0.798 0.772 0.786 0.769 0.773 0.772 0.742 0.748 0.769 0.754 0.754 0.779
 0.746 0.759 0.791 0.78  0.8   0.776 0.77  0.782 0.755 0.782 0.794 0.776
 0.793 0.774 0.762 0.774 0.773 0.76  0.79  0.78  0.788 0.774 0.776 0.754
 0.754 0.782 0.778 0.756]
	ave=0.773 max=0.805 min=0.723
whole test_acc_top (100 tries) = [0.442 0.432 0.45  0.44  0.422 0.41  0.454 0.422 0.432 0.432 0.43  0.45
 0.424 0.446 0.448 0.428 0.448 0.438 0.444 0.424 0.444 0.432 0.444 0.438
 0.426 0.434 0.446 0.442 0.41  0.456 0.414 0.46  0.446 0.45  0.436 0.434
 0.438 0.436 0.436 0.456 0.438 0.432 0.438 0.438 0.444 0.416 0.42  0.444
 0.432 0.448 0.408 0.408 0.442 0.442 0.44  0.438 0.408 0.438 0.446 0.44
 0.45  0.418 0.436 0.436 0.416 0.44  0.432 0.424 0.428 0.432 0.428 0.472
 0.428 0.422 0.438 0.442 0.442 0.45  0.438 0.446 0.43  0.442 0.434 0.426
 0.47  0.44  0.41  0.418 0.438 0.438 0.434 0.448 0.446 0.432 0.414 0.428
 0.416 0.422 0.454 0.426]
	ave=0.435 max=0.472 min=0.408
whole test_acc_bot (100 tries) = [0.808 0.822 0.812 0.792 0.8   0.706 0.852 0.82  0.808 0.848 0.778 0.814
 0.774 0.814 0.802 0.77  0.798 0.82  0.784 0.774 0.858 0.814 0.838 0.822
 0.802 0.762 0.836 0.758 0.738 0.786 0.762 0.804 0.816 0.812 0.826 0.816
 0.762 0.754 0.798 0.808 0.794 0.776 0.782 0.802 0.83  0.762 0.734 0.806
 0.762 0.828 0.754 0.75  0.816 0.78  0.82  0.774 0.792 0.804 0.84  0.822
 0.808 0.79  0.792 0.816 0.826 0.814 0.74  0.78  0.812 0.77  0.782 0.784
 0.766 0.802 0.846 0.79  0.838 0.748 0.796 0.814 0.798 0.808 0.822 0.794
 0.84  0.81  0.78  0.776 0.786 0.776 0.834 0.838 0.82  0.812 0.776 0.77
 0.754 0.826 0.8   0.806]
	ave=0.797 max=0.858 min=0.706

python3 train.py key=JKNet_Cora JKNet_Cora.n_tri=100 JKNet_Cora.n_layer=5 JKNet_Cora.jk_mode=lstm JKNet_Cora.att_mode=sd JKNet_Cora.pre_transform="HomophilyRank2\(border\=0.3\)"
config: {'seed': 42, 'epochs': 200, 'patience': 100, 'learning_rate': 0.005, 'weight_decay': 0.0005, 'dropout': 0.5, 'model': 'JKNet_GCNConv', 'n_layer': 5, 'n_hid': 16, 'task': 'transductive', 'pre_transform': 'HomophilyRank2(border=0.3)', 'split': 'public', 'n_tri': 100, 'dataset': 'Cora', 'transform': 'None', 'n_feat': 1433, 'n_class': 7, 'jk_mode': 'lstm', 'att_mode': 'sd'}

whole test_acc (100 tries) = [0.787 0.772 0.785 0.782 0.783 0.774 0.796 0.787 0.774 0.769 0.784 0.777
 0.767 0.795 0.776 0.755 0.801 0.768 0.762 0.747 0.786 0.777 0.782 0.772
 0.76  0.783 0.787 0.793 0.797 0.796 0.765 0.728 0.758 0.766 0.786 0.77
 0.766 0.76  0.776 0.782 0.771 0.8   0.794 0.768 0.776 0.768 0.797 0.769
 0.775 0.772 0.777 0.757 0.784 0.792 0.771 0.774 0.769 0.769 0.793 0.763
 0.743 0.768 0.788 0.791 0.78  0.783 0.768 0.787 0.764 0.784 0.783 0.786
 0.785 0.773 0.785 0.783 0.774 0.784 0.785 0.785 0.77  0.758 0.797 0.788
 0.791 0.775 0.762 0.768 0.763 0.786 0.781 0.792 0.765 0.777 0.767 0.778
 0.757 0.769 0.8   0.775]
	ave=0.777 max=0.801 min=0.728
whole test_acc_top (100 tries) = [0.522 0.492 0.51  0.516 0.514 0.49  0.5   0.514 0.5   0.478 0.484 0.524
 0.494 0.518 0.48  0.512 0.514 0.524 0.494 0.476 0.512 0.5   0.496 0.504
 0.484 0.482 0.53  0.518 0.538 0.486 0.486 0.474 0.504 0.516 0.48  0.482
 0.512 0.48  0.512 0.502 0.518 0.512 0.51  0.486 0.504 0.486 0.494 0.518
 0.492 0.492 0.502 0.49  0.496 0.51  0.502 0.502 0.51  0.476 0.526 0.492
 0.45  0.512 0.514 0.52  0.52  0.498 0.498 0.51  0.514 0.512 0.506 0.498
 0.512 0.478 0.516 0.526 0.496 0.49  0.508 0.506 0.504 0.472 0.508 0.502
 0.528 0.512 0.494 0.516 0.504 0.51  0.512 0.514 0.512 0.482 0.518 0.504
 0.474 0.506 0.528 0.478]
	ave=0.502 max=0.538 min=0.450
whole test_acc_bot (100 tries) = [0.78  0.768 0.774 0.77  0.762 0.758 0.818 0.752 0.746 0.758 0.776 0.79
 0.742 0.752 0.756 0.732 0.806 0.738 0.712 0.68  0.778 0.716 0.732 0.73
 0.738 0.804 0.778 0.79  0.812 0.804 0.778 0.698 0.756 0.73  0.796 0.734
 0.774 0.744 0.722 0.72  0.76  0.772 0.81  0.728 0.772 0.752 0.806 0.748
 0.762 0.74  0.758 0.73  0.77  0.764 0.746 0.754 0.746 0.758 0.8   0.726
 0.726 0.772 0.732 0.788 0.764 0.808 0.732 0.746 0.72  0.784 0.792 0.768
 0.788 0.784 0.774 0.768 0.776 0.76  0.784 0.764 0.73  0.692 0.742 0.766
 0.79  0.758 0.762 0.694 0.732 0.782 0.756 0.79  0.726 0.792 0.754 0.79
 0.736 0.728 0.8   0.766]
	ave=0.759 max=0.818 min=0.680

python3 train.py key=JKNet_Cora JKNet_Cora.n_tri=100 JKNet_Cora.n_layer=5 JKNet_Cora.jk_mode=lstm JKNet_Cora.att_mode=sd JKNet_Cora.pre_transform="HomophilyRank2\(border\=0.4\)"
config: {'seed': 42, 'epochs': 200, 'patience': 100, 'learning_rate': 0.005, 'weight_decay': 0.0005, 'dropout': 0.5, 'model': 'JKNet_GCNConv', 'n_layer': 5, 'n_hid': 16, 'task': 'transductive', 'pre_transform': 'HomophilyRank2(border=0.4)', 'split': 'public', 'n_tri': 100, 'dataset': 'Cora', 'transform': 'None', 'n_feat': 1433, 'n_class': 7, 'jk_mode': 'lstm', 'att_mode': 'sd'}

whole test_acc (100 tries) = [0.771 0.766 0.774 0.765 0.775 0.761 0.779 0.783 0.773 0.756 0.748 0.758
 0.765 0.767 0.779 0.778 0.781 0.783 0.787 0.797 0.769 0.776 0.755 0.772
 0.792 0.802 0.795 0.767 0.792 0.796 0.79  0.804 0.783 0.768 0.782 0.789
 0.778 0.753 0.794 0.783 0.76  0.789 0.753 0.775 0.764 0.79  0.745 0.8
 0.77  0.783 0.785 0.766 0.795 0.802 0.789 0.784 0.787 0.773 0.795 0.769
 0.758 0.791 0.754 0.774 0.774 0.771 0.785 0.791 0.789 0.787 0.767 0.763
 0.767 0.795 0.76  0.786 0.77  0.778 0.793 0.807 0.768 0.778 0.803 0.765
 0.803 0.79  0.773 0.78  0.767 0.781 0.765 0.8   0.78  0.765 0.787 0.791
 0.765 0.786 0.771 0.762]
	ave=0.778 max=0.807 min=0.745
whole test_acc_top (100 tries) = [0.476 0.466 0.476 0.45  0.466 0.486 0.47  0.492 0.48  0.464 0.448 0.448
 0.482 0.476 0.452 0.468 0.488 0.492 0.478 0.49  0.472 0.48  0.464 0.466
 0.47  0.488 0.494 0.456 0.484 0.468 0.488 0.478 0.486 0.444 0.498 0.482
 0.486 0.464 0.482 0.468 0.476 0.474 0.456 0.464 0.456 0.476 0.466 0.49
 0.466 0.496 0.47  0.464 0.464 0.474 0.458 0.484 0.486 0.466 0.482 0.474
 0.44  0.478 0.458 0.46  0.46  0.456 0.454 0.472 0.448 0.504 0.472 0.44
 0.44  0.48  0.478 0.482 0.48  0.458 0.492 0.48  0.466 0.46  0.488 0.482
 0.482 0.476 0.47  0.458 0.454 0.496 0.48  0.486 0.478 0.466 0.492 0.454
 0.47  0.472 0.458 0.456]
	ave=0.472 max=0.504 min=0.440
whole test_acc_bot (100 tries) = [0.716 0.762 0.798 0.718 0.76  0.756 0.774 0.754 0.768 0.694 0.69  0.726
 0.75  0.746 0.768 0.744 0.774 0.782 0.794 0.78  0.742 0.748 0.718 0.754
 0.79  0.818 0.812 0.756 0.794 0.792 0.718 0.78  0.774 0.748 0.786 0.77
 0.802 0.732 0.776 0.772 0.716 0.806 0.724 0.76  0.768 0.78  0.718 0.77
 0.738 0.75  0.774 0.75  0.8   0.812 0.786 0.782 0.786 0.774 0.802 0.746
 0.772 0.806 0.718 0.742 0.756 0.774 0.806 0.826 0.79  0.786 0.77  0.77
 0.768 0.786 0.73  0.79  0.764 0.722 0.792 0.796 0.74  0.752 0.804 0.766
 0.788 0.796 0.76  0.766 0.716 0.794 0.732 0.784 0.77  0.744 0.778 0.79
 0.762 0.79  0.786 0.762]
	ave=0.766 max=0.826 min=0.690

python3 train.py key=JKNet_Cora JKNet_Cora.n_tri=100 JKNet_Cora.n_layer=5 JKNet_Cora.jk_mode=lstm JKNet_Cora.att_mode=sd JKNet_Cora.pre_transform="HomophilyRank2\(border\=0.5\)"
config: {'seed': 42, 'epochs': 200, 'patience': 100, 'learning_rate': 0.005, 'weight_decay': 0.0005, 'dropout': 0.5, 'model': 'JKNet_GCNConv', 'n_layer': 5, 'n_hid': 16, 'task': 'transductive', 'pre_transform': 'HomophilyRank2(border=0.5)', 'split': 'public', 'n_tri': 100, 'dataset': 'Cora', 'transform': 'None', 'n_feat': 1433, 'n_class': 7, 'jk_mode': 'lstm', 'att_mode': 'sd'}

whole test_acc (100 tries) = [0.808 0.798 0.775 0.77  0.755 0.799 0.782 0.763 0.782 0.776 0.776 0.783
 0.766 0.799 0.795 0.782 0.778 0.805 0.775 0.76  0.782 0.784 0.783 0.792
 0.794 0.77  0.778 0.789 0.786 0.779 0.761 0.773 0.764 0.756 0.783 0.783
 0.791 0.788 0.787 0.783 0.788 0.783 0.788 0.763 0.768 0.795 0.75  0.767
 0.756 0.784 0.774 0.78  0.76  0.797 0.779 0.782 0.762 0.781 0.785 0.776
 0.793 0.781 0.778 0.779 0.778 0.774 0.789 0.782 0.754 0.773 0.786 0.742
 0.792 0.786 0.796 0.781 0.752 0.769 0.771 0.768 0.773 0.771 0.79  0.78
 0.771 0.787 0.796 0.793 0.786 0.78  0.777 0.769 0.753 0.761 0.784 0.777
 0.778 0.789 0.761 0.784]
	ave=0.778 max=0.808 min=0.742
whole test_acc_top (100 tries) = [0.478 0.46  0.478 0.454 0.45  0.448 0.446 0.464 0.44  0.442 0.466 0.472
 0.448 0.49  0.466 0.46  0.464 0.468 0.446 0.456 0.452 0.466 0.448 0.47
 0.48  0.456 0.452 0.47  0.462 0.448 0.45  0.464 0.452 0.444 0.46  0.468
 0.458 0.464 0.46  0.476 0.46  0.458 0.462 0.448 0.444 0.484 0.46  0.446
 0.448 0.45  0.444 0.466 0.46  0.48  0.456 0.442 0.45  0.456 0.456 0.456
 0.47  0.472 0.454 0.46  0.464 0.436 0.456 0.46  0.446 0.452 0.442 0.428
 0.464 0.448 0.444 0.448 0.448 0.442 0.454 0.462 0.45  0.446 0.46  0.46
 0.458 0.474 0.466 0.434 0.48  0.46  0.446 0.452 0.446 0.452 0.458 0.46
 0.46  0.454 0.436 0.458]
	ave=0.457 max=0.490 min=0.428
whole test_acc_bot (100 tries) = [0.82  0.782 0.738 0.778 0.738 0.812 0.796 0.738 0.782 0.796 0.764 0.77
 0.76  0.808 0.794 0.79  0.824 0.814 0.79  0.768 0.822 0.776 0.806 0.802
 0.782 0.772 0.768 0.804 0.75  0.792 0.742 0.784 0.72  0.732 0.742 0.784
 0.802 0.796 0.774 0.772 0.804 0.802 0.78  0.758 0.74  0.794 0.732 0.77
 0.736 0.78  0.782 0.798 0.754 0.798 0.77  0.782 0.738 0.786 0.78  0.77
 0.808 0.76  0.766 0.78  0.758 0.794 0.81  0.77  0.748 0.79  0.82  0.792
 0.802 0.81  0.782 0.802 0.736 0.766 0.792 0.762 0.746 0.786 0.802 0.774
 0.776 0.82  0.808 0.802 0.768 0.804 0.75  0.742 0.762 0.73  0.794 0.764
 0.772 0.782 0.78  0.792]
	ave=0.778 max=0.824 min=0.720

python3 train.py key=JKNet_Cora JKNet_Cora.n_tri=100 JKNet_Cora.n_layer=5 JKNet_Cora.jk_mode=lstm JKNet_Cora.att_mode=sd JKNet_Cora.pre_transform="HomophilyRank2\(border\=0.6\)"
config: {'seed': 42, 'epochs': 200, 'patience': 100, 'learning_rate': 0.005, 'weight_decay': 0.0005, 'dropout': 0.5, 'model': 'JKNet_GCNConv', 'n_layer': 5, 'n_hid': 16, 'task': 'transductive', 'pre_transform': 'HomophilyRank2(border=0.6)', 'split': 'public', 'n_tri': 100, 'dataset': 'Cora', 'transform': 'None', 'n_feat': 1433, 'n_class': 7, 'jk_mode': 'lstm', 'att_mode': 'sd'}

whole test_acc (100 tries) = [0.779 0.767 0.794 0.77  0.775 0.747 0.794 0.75  0.761 0.779 0.767 0.763
 0.752 0.783 0.772 0.767 0.79  0.776 0.798 0.787 0.792 0.76  0.787 0.763
 0.773 0.749 0.792 0.759 0.775 0.779 0.783 0.786 0.76  0.775 0.778 0.76
 0.805 0.786 0.801 0.797 0.791 0.807 0.773 0.787 0.795 0.79  0.778 0.785
 0.777 0.789 0.768 0.786 0.783 0.772 0.778 0.777 0.766 0.773 0.795 0.786
 0.772 0.779 0.755 0.788 0.791 0.792 0.785 0.778 0.775 0.766 0.739 0.793
 0.76  0.775 0.766 0.756 0.783 0.763 0.799 0.768 0.777 0.789 0.76  0.781
 0.799 0.761 0.79  0.776 0.773 0.773 0.81  0.753 0.804 0.759 0.782 0.771
 0.807 0.753 0.773 0.764]
	ave=0.777 max=0.810 min=0.739
whole test_acc_top (100 tries) = [0.422 0.43  0.44  0.426 0.426 0.406 0.42  0.42  0.43  0.444 0.408 0.424
 0.43  0.42  0.45  0.424 0.432 0.422 0.44  0.436 0.458 0.434 0.454 0.424
 0.44  0.438 0.44  0.408 0.432 0.446 0.44  0.458 0.398 0.428 0.43  0.408
 0.458 0.442 0.432 0.452 0.432 0.448 0.46  0.424 0.44  0.442 0.424 0.432
 0.446 0.424 0.436 0.436 0.43  0.436 0.432 0.432 0.434 0.424 0.442 0.42
 0.422 0.444 0.416 0.434 0.424 0.46  0.448 0.42  0.454 0.434 0.422 0.436
 0.426 0.444 0.424 0.406 0.422 0.412 0.448 0.404 0.438 0.436 0.428 0.43
 0.438 0.44  0.434 0.432 0.438 0.408 0.464 0.426 0.434 0.416 0.422 0.448
 0.45  0.418 0.422 0.436]
	ave=0.432 max=0.464 min=0.398
whole test_acc_bot (100 tries) = [0.792 0.786 0.828 0.77  0.788 0.772 0.796 0.748 0.774 0.812 0.808 0.776
 0.726 0.806 0.814 0.77  0.79  0.778 0.808 0.778 0.816 0.782 0.784 0.752
 0.774 0.758 0.818 0.758 0.828 0.816 0.828 0.808 0.79  0.768 0.802 0.806
 0.824 0.82  0.82  0.794 0.834 0.842 0.794 0.82  0.838 0.8   0.8   0.802
 0.81  0.798 0.786 0.806 0.78  0.766 0.788 0.806 0.76  0.792 0.788 0.794
 0.766 0.786 0.78  0.802 0.806 0.822 0.764 0.824 0.764 0.784 0.734 0.802
 0.774 0.752 0.738 0.764 0.786 0.758 0.812 0.804 0.814 0.762 0.768 0.818
 0.804 0.768 0.806 0.814 0.818 0.786 0.828 0.768 0.846 0.758 0.772 0.788
 0.822 0.74  0.808 0.748]
	ave=0.791 max=0.846 min=0.726

python3 train.py key=JKNet_Cora JKNet_Cora.n_tri=100 JKNet_Cora.n_layer=5 JKNet_Cora.jk_mode=lstm JKNet_Cora.att_mode=sd JKNet_Cora.pre_transform="HomophilyRank2\(border\=0.7\)"
config: {'seed': 42, 'epochs': 200, 'patience': 100, 'learning_rate': 0.005, 'weight_decay': 0.0005, 'dropout': 0.5, 'model': 'JKNet_GCNConv', 'n_layer': 5, 'n_hid': 16, 'task': 'transductive', 'pre_transform': 'HomophilyRank2(border=0.7)', 'split': 'public', 'n_tri': 100, 'dataset': 'Cora', 'transform': 'None', 'n_feat': 1433, 'n_class': 7, 'jk_mode': 'lstm', 'att_mode': 'sd'}

whole test_acc (100 tries) = [0.78  0.755 0.775 0.777 0.774 0.766 0.762 0.804 0.805 0.798 0.796 0.772
 0.763 0.762 0.799 0.798 0.793 0.776 0.785 0.789 0.775 0.779 0.782 0.799
 0.766 0.776 0.768 0.782 0.771 0.76  0.744 0.765 0.762 0.769 0.804 0.786
 0.766 0.766 0.782 0.785 0.789 0.768 0.776 0.782 0.772 0.761 0.788 0.781
 0.77  0.759 0.779 0.765 0.757 0.795 0.751 0.792 0.796 0.793 0.803 0.773
 0.779 0.773 0.774 0.727 0.767 0.777 0.776 0.781 0.781 0.796 0.774 0.768
 0.807 0.788 0.762 0.746 0.769 0.765 0.803 0.768 0.781 0.765 0.788 0.785
 0.779 0.8   0.767 0.774 0.766 0.763 0.775 0.746 0.773 0.746 0.79  0.788
 0.772 0.783 0.765 0.781]
	ave=0.776 max=0.807 min=0.727
whole test_acc_top (100 tries) = [0.43  0.424 0.43  0.436 0.424 0.422 0.428 0.442 0.422 0.444 0.456 0.436
 0.438 0.412 0.446 0.428 0.436 0.422 0.448 0.45  0.422 0.412 0.436 0.456
 0.422 0.432 0.42  0.448 0.442 0.404 0.392 0.446 0.44  0.412 0.426 0.456
 0.414 0.418 0.418 0.424 0.428 0.422 0.428 0.43  0.432 0.412 0.454 0.424
 0.426 0.412 0.426 0.442 0.424 0.438 0.418 0.444 0.43  0.426 0.446 0.428
 0.436 0.444 0.432 0.408 0.422 0.42  0.418 0.432 0.432 0.442 0.42  0.422
 0.444 0.44  0.422 0.412 0.422 0.444 0.446 0.42  0.424 0.42  0.452 0.426
 0.42  0.434 0.42  0.436 0.424 0.42  0.442 0.412 0.41  0.396 0.422 0.44
 0.438 0.462 0.398 0.424]
	ave=0.429 max=0.462 min=0.392
whole test_acc_bot (100 tries) = [0.794 0.79  0.816 0.758 0.784 0.802 0.786 0.882 0.866 0.822 0.868 0.806
 0.784 0.816 0.848 0.808 0.818 0.782 0.798 0.806 0.828 0.812 0.826 0.836
 0.782 0.786 0.802 0.81  0.78  0.798 0.762 0.77  0.808 0.8   0.87  0.784
 0.816 0.784 0.846 0.824 0.8   0.754 0.812 0.816 0.802 0.768 0.818 0.84
 0.77  0.784 0.826 0.798 0.754 0.83  0.778 0.8   0.818 0.786 0.844 0.814
 0.768 0.782 0.81  0.716 0.804 0.798 0.81  0.828 0.8   0.85  0.796 0.81
 0.856 0.782 0.788 0.78  0.83  0.792 0.85  0.81  0.836 0.782 0.816 0.826
 0.834 0.868 0.816 0.79  0.788 0.8   0.794 0.758 0.804 0.764 0.824 0.824
 0.786 0.834 0.818 0.818]
	ave=0.806 max=0.882 min=0.716

python3 train.py key=JKNet_CiteSeer JKNet_CiteSeer.n_tri=100 JKNet_CiteSeer.n_layer=5 JKNet_CiteSeer.jk_mode=lstm JKNet_CiteSeer.att_mode=go JKNet_CiteSeer.pre_transform="HomophilyRank2\(border\=0.3\)"
config: {'seed': 42, 'epochs': 200, 'patience': 100, 'learning_rate': 0.005, 'weight_decay': 0.0005, 'dropout': 0.5, 'model': 'JKNet_GCNConv', 'n_layer': 5, 'n_hid': 16, 'task': 'transductive', 'pre_transform': 'HomophilyRank2(border=0.3)', 'split': 'public', 'n_tri': 100, 'dataset': 'CiteSeer', 'transform': 'T.NormalizeFeatures()', 'n_feat': 3703, 'n_class': 6, 'jk_mode': 'lstm', 'att_mode': 'go'}

whole test_acc (100 tries) = [0.63  0.41  0.477 0.314 0.558 0.376 0.402 0.333 0.466 0.386 0.453 0.4
 0.542 0.349 0.404 0.51  0.436 0.378 0.555 0.48  0.393 0.348 0.408 0.519
 0.256 0.352 0.32  0.389 0.411 0.408 0.473 0.344 0.377 0.386 0.426 0.609
 0.325 0.368 0.344 0.542 0.562 0.399 0.355 0.35  0.385 0.311 0.377 0.561
 0.492 0.552 0.355 0.361 0.568 0.398 0.502 0.372 0.409 0.584 0.536 0.279
 0.388 0.563 0.569 0.56  0.562 0.32  0.48  0.466 0.427 0.594 0.409 0.573
 0.307 0.584 0.468 0.386 0.363 0.374 0.398 0.413 0.377 0.323 0.362 0.308
 0.499 0.517 0.393 0.468 0.351 0.392 0.588 0.421 0.369 0.523 0.422 0.543
 0.409 0.481 0.438 0.617]
	ave=0.436 max=0.630 min=0.256
whole test_acc_top (100 tries) = [0.254 0.212 0.2   0.246 0.234 0.208 0.22  0.136 0.258 0.254 0.16  0.146
 0.188 0.176 0.154 0.242 0.182 0.254 0.21  0.166 0.174 0.164 0.132 0.322
 0.204 0.232 0.2   0.164 0.204 0.234 0.196 0.21  0.24  0.27  0.198 0.25
 0.224 0.178 0.18  0.31  0.236 0.204 0.182 0.212 0.186 0.236 0.148 0.198
 0.198 0.186 0.166 0.208 0.262 0.196 0.204 0.22  0.228 0.254 0.234 0.196
 0.21  0.232 0.25  0.224 0.236 0.24  0.248 0.18  0.254 0.288 0.234 0.242
 0.234 0.22  0.2   0.224 0.162 0.216 0.262 0.228 0.246 0.206 0.28  0.248
 0.206 0.284 0.22  0.274 0.254 0.134 0.226 0.172 0.196 0.228 0.252 0.17
 0.174 0.216 0.222 0.252]
	ave=0.216 max=0.322 min=0.132
whole test_acc_bot (100 tries) = [0.616 0.304 0.474 0.326 0.546 0.374 0.352 0.222 0.548 0.364 0.348 0.326
 0.522 0.414 0.298 0.53  0.32  0.344 0.52  0.4   0.352 0.252 0.384 0.588
 0.176 0.276 0.216 0.352 0.52  0.512 0.474 0.38  0.26  0.35  0.468 0.556
 0.39  0.276 0.232 0.516 0.57  0.366 0.256 0.422 0.322 0.324 0.396 0.528
 0.55  0.522 0.43  0.43  0.55  0.436 0.5   0.388 0.546 0.594 0.512 0.274
 0.406 0.544 0.506 0.534 0.542 0.31  0.568 0.474 0.434 0.604 0.38  0.532
 0.21  0.566 0.36  0.356 0.438 0.3   0.412 0.416 0.382 0.362 0.49  0.262
 0.466 0.488 0.42  0.456 0.426 0.344 0.596 0.454 0.386 0.506 0.398 0.51
 0.274 0.548 0.47  0.616]
	ave=0.423 max=0.616 min=0.176

python3 train.py key=JKNet_CiteSeer JKNet_CiteSeer.n_tri=100 JKNet_CiteSeer.n_layer=5 JKNet_CiteSeer.jk_mode=lstm JKNet_CiteSeer.att_mode=go JKNet_CiteSeer.pre_transform="HomophilyRank2\(border\=0.4\)"
config: {'seed': 42, 'epochs': 200, 'patience': 100, 'learning_rate': 0.005, 'weight_decay': 0.0005, 'dropout': 0.5, 'model': 'JKNet_GCNConv', 'n_layer': 5, 'n_hid': 16, 'task': 'transductive', 'pre_transform': 'HomophilyRank2(border=0.4)', 'split': 'public', 'n_tri': 100, 'dataset': 'CiteSeer', 'transform': 'T.NormalizeFeatures()', 'n_feat': 3703, 'n_class': 6, 'jk_mode': 'lstm', 'att_mode': 'go'}

whole test_acc (100 tries) = [0.53  0.395 0.375 0.301 0.308 0.386 0.453 0.372 0.291 0.58  0.555 0.336
 0.497 0.427 0.322 0.566 0.553 0.571 0.575 0.562 0.402 0.413 0.309 0.552
 0.35  0.376 0.301 0.327 0.402 0.355 0.328 0.554 0.571 0.44  0.309 0.369
 0.41  0.561 0.369 0.513 0.424 0.326 0.402 0.517 0.443 0.562 0.47  0.597
 0.464 0.532 0.338 0.34  0.526 0.454 0.301 0.35  0.545 0.589 0.365 0.569
 0.308 0.462 0.568 0.37  0.39  0.424 0.36  0.368 0.378 0.38  0.463 0.427
 0.376 0.52  0.586 0.439 0.313 0.541 0.398 0.4   0.292 0.434 0.479 0.425
 0.47  0.38  0.406 0.491 0.401 0.325 0.316 0.573 0.391 0.446 0.336 0.298
 0.311 0.576 0.574 0.344]
	ave=0.430 max=0.597 min=0.291
whole test_acc_top (100 tries) = [0.246 0.248 0.174 0.27  0.254 0.208 0.216 0.198 0.21  0.27  0.264 0.176
 0.276 0.23  0.224 0.244 0.244 0.268 0.216 0.232 0.15  0.18  0.21  0.238
 0.21  0.158 0.188 0.172 0.168 0.254 0.196 0.236 0.226 0.246 0.236 0.17
 0.2   0.24  0.26  0.256 0.224 0.258 0.236 0.208 0.188 0.214 0.244 0.218
 0.198 0.254 0.21  0.198 0.222 0.236 0.212 0.25  0.22  0.18  0.284 0.214
 0.26  0.182 0.228 0.17  0.194 0.236 0.166 0.186 0.21  0.22  0.216 0.17
 0.228 0.256 0.25  0.244 0.216 0.248 0.216 0.188 0.178 0.208 0.254 0.162
 0.242 0.242 0.21  0.184 0.22  0.208 0.2   0.228 0.196 0.26  0.242 0.208
 0.266 0.242 0.204 0.214]
	ave=0.220 max=0.284 min=0.150
whole test_acc_bot (100 tries) = [0.496 0.338 0.236 0.328 0.344 0.398 0.38  0.294 0.378 0.604 0.512 0.314
 0.584 0.396 0.294 0.496 0.516 0.606 0.504 0.568 0.318 0.328 0.326 0.462
 0.232 0.378 0.336 0.196 0.372 0.354 0.294 0.514 0.504 0.448 0.264 0.346
 0.378 0.524 0.364 0.522 0.334 0.336 0.31  0.478 0.472 0.554 0.502 0.494
 0.356 0.466 0.288 0.288 0.45  0.36  0.194 0.334 0.524 0.536 0.444 0.45
 0.28  0.454 0.544 0.272 0.308 0.362 0.348 0.334 0.286 0.534 0.436 0.418
 0.48  0.476 0.564 0.422 0.158 0.462 0.464 0.282 0.234 0.45  0.442 0.392
 0.54  0.416 0.388 0.434 0.416 0.214 0.216 0.458 0.402 0.438 0.22  0.156
 0.326 0.528 0.484 0.192]
	ave=0.394 max=0.606 min=0.156

python3 train.py key=JKNet_CiteSeer JKNet_CiteSeer.n_tri=100 JKNet_CiteSeer.n_layer=5 JKNet_CiteSeer.jk_mode=lstm JKNet_CiteSeer.att_mode=go JKNet_CiteSeer.pre_transform="HomophilyRank2\(border\=0.5\)"
config: {'seed': 42, 'epochs': 200, 'patience': 100, 'learning_rate': 0.005, 'weight_decay': 0.0005, 'dropout': 0.5, 'model': 'JKNet_GCNConv', 'n_layer': 5, 'n_hid': 16, 'task': 'transductive', 'pre_transform': 'HomophilyRank2(border=0.5)', 'split': 'public', 'n_tri': 100, 'dataset': 'CiteSeer', 'transform': 'T.NormalizeFeatures()', 'n_feat': 3703, 'n_class': 6, 'jk_mode': 'lstm', 'att_mode': 'go'}

whole test_acc (100 tries) = [0.568 0.378 0.462 0.549 0.408 0.577 0.423 0.616 0.351 0.475 0.347 0.331
 0.526 0.595 0.495 0.548 0.31  0.289 0.409 0.612 0.412 0.5   0.394 0.621
 0.348 0.554 0.331 0.324 0.334 0.554 0.558 0.353 0.602 0.309 0.408 0.322
 0.53  0.359 0.452 0.279 0.596 0.473 0.582 0.339 0.523 0.558 0.647 0.479
 0.404 0.437 0.424 0.475 0.383 0.547 0.538 0.581 0.416 0.358 0.318 0.552
 0.494 0.404 0.375 0.611 0.48  0.533 0.304 0.392 0.371 0.31  0.386 0.527
 0.412 0.49  0.473 0.368 0.426 0.543 0.357 0.484 0.562 0.594 0.354 0.605
 0.428 0.247 0.337 0.41  0.478 0.462 0.451 0.546 0.345 0.297 0.467 0.316
 0.489 0.328 0.427 0.387]
	ave=0.447 max=0.647 min=0.247
whole test_acc_top (100 tries) = [0.226 0.238 0.204 0.216 0.208 0.254 0.196 0.26  0.262 0.232 0.222 0.262
 0.234 0.208 0.28  0.22  0.204 0.244 0.218 0.234 0.184 0.214 0.192 0.24
 0.188 0.222 0.262 0.202 0.208 0.198 0.206 0.194 0.268 0.278 0.212 0.176
 0.234 0.196 0.206 0.218 0.254 0.22  0.244 0.232 0.266 0.25  0.246 0.214
 0.242 0.236 0.236 0.228 0.21  0.19  0.236 0.218 0.228 0.17  0.238 0.248
 0.186 0.204 0.218 0.218 0.202 0.222 0.25  0.186 0.16  0.276 0.188 0.24
 0.28  0.214 0.302 0.234 0.208 0.184 0.208 0.284 0.262 0.29  0.234 0.214
 0.216 0.222 0.188 0.25  0.206 0.242 0.218 0.232 0.176 0.186 0.244 0.21
 0.246 0.226 0.172 0.244]
	ave=0.225 max=0.302 min=0.160
whole test_acc_bot (100 tries) = [0.576 0.31  0.526 0.61  0.408 0.566 0.336 0.598 0.324 0.562 0.46  0.346
 0.428 0.532 0.542 0.548 0.316 0.388 0.304 0.558 0.308 0.46  0.336 0.61
 0.306 0.494 0.372 0.252 0.252 0.59  0.528 0.322 0.554 0.334 0.414 0.396
 0.538 0.324 0.436 0.252 0.578 0.474 0.536 0.26  0.588 0.548 0.66  0.496
 0.424 0.416 0.404 0.53  0.4   0.534 0.54  0.568 0.394 0.266 0.358 0.482
 0.492 0.27  0.312 0.598 0.392 0.486 0.306 0.476 0.298 0.316 0.402 0.446
 0.536 0.416 0.558 0.366 0.332 0.508 0.458 0.454 0.502 0.59  0.372 0.582
 0.41  0.156 0.318 0.454 0.38  0.498 0.37  0.506 0.404 0.322 0.514 0.172
 0.492 0.328 0.336 0.42 ]
	ave=0.433 max=0.660 min=0.156

python3 train.py key=JKNet_CiteSeer JKNet_CiteSeer.n_tri=100 JKNet_CiteSeer.n_layer=5 JKNet_CiteSeer.jk_mode=lstm JKNet_CiteSeer.att_mode=go JKNet_CiteSeer.pre_transform="HomophilyRank2\(border\=0.6\)"
config: {'seed': 42, 'epochs': 200, 'patience': 100, 'learning_rate': 0.005, 'weight_decay': 0.0005, 'dropout': 0.5, 'model': 'JKNet_GCNConv', 'n_layer': 5, 'n_hid': 16, 'task': 'transductive', 'pre_transform': 'HomophilyRank2(border=0.6)', 'split': 'public', 'n_tri': 100, 'dataset': 'CiteSeer', 'transform': 'T.NormalizeFeatures()', 'n_feat': 3703, 'n_class': 6, 'jk_mode': 'lstm', 'att_mode': 'go'}

whole test_acc (100 tries) = [0.455 0.315 0.556 0.596 0.372 0.481 0.575 0.348 0.388 0.518 0.429 0.389
 0.386 0.531 0.384 0.568 0.378 0.461 0.352 0.368 0.33  0.524 0.393 0.332
 0.517 0.504 0.378 0.343 0.395 0.364 0.59  0.443 0.38  0.362 0.498 0.441
 0.385 0.563 0.388 0.493 0.495 0.434 0.393 0.448 0.359 0.357 0.631 0.343
 0.576 0.523 0.438 0.324 0.591 0.494 0.288 0.389 0.37  0.364 0.371 0.376
 0.378 0.332 0.374 0.431 0.397 0.573 0.535 0.387 0.312 0.577 0.386 0.39
 0.366 0.558 0.347 0.547 0.347 0.479 0.38  0.348 0.321 0.491 0.538 0.505
 0.589 0.401 0.346 0.532 0.576 0.574 0.298 0.37  0.364 0.389 0.436 0.35
 0.448 0.577 0.353 0.663]
	ave=0.436 max=0.663 min=0.288
whole test_acc_top (100 tries) = [0.23  0.242 0.258 0.296 0.17  0.298 0.284 0.222 0.19  0.284 0.246 0.202
 0.226 0.254 0.176 0.26  0.278 0.248 0.258 0.19  0.244 0.226 0.216 0.166
 0.286 0.244 0.234 0.218 0.236 0.216 0.298 0.252 0.232 0.22  0.284 0.224
 0.246 0.254 0.22  0.242 0.268 0.222 0.268 0.278 0.238 0.226 0.294 0.23
 0.258 0.236 0.24  0.268 0.272 0.28  0.218 0.256 0.22  0.236 0.224 0.218
 0.222 0.254 0.244 0.17  0.194 0.274 0.204 0.244 0.244 0.27  0.256 0.218
 0.226 0.28  0.214 0.266 0.238 0.246 0.272 0.214 0.234 0.216 0.306 0.296
 0.258 0.238 0.232 0.268 0.268 0.268 0.164 0.218 0.236 0.242 0.246 0.218
 0.214 0.286 0.206 0.296]
	ave=0.242 max=0.306 min=0.164
whole test_acc_bot (100 tries) = [0.382 0.39  0.574 0.542 0.434 0.442 0.58  0.402 0.328 0.452 0.388 0.446
 0.35  0.508 0.448 0.534 0.514 0.486 0.292 0.33  0.252 0.556 0.416 0.364
 0.504 0.5   0.368 0.294 0.414 0.3   0.528 0.468 0.444 0.296 0.48  0.46
 0.348 0.51  0.26  0.492 0.494 0.306 0.408 0.428 0.348 0.352 0.59  0.386
 0.55  0.534 0.344 0.27  0.55  0.492 0.376 0.416 0.358 0.366 0.29  0.306
 0.34  0.34  0.328 0.382 0.426 0.54  0.58  0.332 0.22  0.566 0.322 0.4
 0.246 0.518 0.268 0.496 0.354 0.46  0.394 0.342 0.332 0.436 0.508 0.518
 0.56  0.322 0.26  0.526 0.538 0.564 0.402 0.332 0.412 0.336 0.374 0.452
 0.498 0.578 0.358 0.654]
	ave=0.421 max=0.654 min=0.220

python3 train.py key=JKNet_CiteSeer JKNet_CiteSeer.n_tri=100 JKNet_CiteSeer.n_layer=5 JKNet_CiteSeer.jk_mode=lstm JKNet_CiteSeer.att_mode=go JKNet_CiteSeer.pre_transform="HomophilyRank2\(border\=0.7\)"
config: {'seed': 42, 'epochs': 200, 'patience': 100, 'learning_rate': 0.005, 'weight_decay': 0.0005, 'dropout': 0.5, 'model': 'JKNet_GCNConv', 'n_layer': 5, 'n_hid': 16, 'task': 'transductive', 'pre_transform': 'HomophilyRank2(border=0.7)', 'split': 'public', 'n_tri': 100, 'dataset': 'CiteSeer', 'transform': 'T.NormalizeFeatures()', 'n_feat': 3703, 'n_class': 6, 'jk_mode': 'lstm', 'att_mode': 'go'}

whole test_acc (100 tries) = [0.465 0.393 0.546 0.589 0.308 0.329 0.523 0.388 0.449 0.448 0.325 0.413
 0.414 0.341 0.488 0.348 0.378 0.399 0.415 0.383 0.651 0.268 0.392 0.465
 0.573 0.343 0.416 0.506 0.279 0.458 0.416 0.475 0.413 0.453 0.432 0.568
 0.415 0.464 0.379 0.464 0.463 0.401 0.376 0.354 0.349 0.387 0.39  0.403
 0.568 0.411 0.414 0.521 0.596 0.397 0.399 0.338 0.54  0.395 0.354 0.33
 0.427 0.536 0.409 0.368 0.373 0.571 0.388 0.515 0.376 0.456 0.302 0.341
 0.405 0.406 0.379 0.433 0.305 0.521 0.392 0.566 0.384 0.307 0.475 0.337
 0.422 0.344 0.463 0.417 0.315 0.436 0.332 0.427 0.36  0.382 0.413 0.421
 0.356 0.56  0.453 0.557]
	ave=0.422 max=0.651 min=0.268
whole test_acc_top (100 tries) = [0.22  0.21  0.264 0.278 0.212 0.236 0.278 0.242 0.242 0.21  0.192 0.242
 0.21  0.208 0.242 0.254 0.21  0.22  0.258 0.238 0.3   0.17  0.232 0.28
 0.234 0.202 0.196 0.224 0.162 0.246 0.258 0.224 0.226 0.246 0.228 0.252
 0.212 0.242 0.242 0.196 0.242 0.25  0.144 0.228 0.198 0.242 0.194 0.248
 0.26  0.252 0.238 0.282 0.248 0.202 0.242 0.256 0.312 0.194 0.198 0.204
 0.234 0.254 0.19  0.232 0.3   0.256 0.226 0.226 0.26  0.232 0.232 0.222
 0.196 0.164 0.216 0.228 0.21  0.22  0.21  0.246 0.218 0.172 0.254 0.226
 0.244 0.24  0.218 0.248 0.158 0.224 0.234 0.28  0.252 0.188 0.236 0.214
 0.246 0.28  0.212 0.24 ]
	ave=0.230 max=0.312 min=0.144
whole test_acc_bot (100 tries) = [0.472 0.284 0.596 0.506 0.336 0.206 0.5   0.384 0.332 0.48  0.26  0.436
 0.406 0.366 0.474 0.36  0.256 0.346 0.404 0.412 0.666 0.334 0.286 0.406
 0.524 0.378 0.474 0.486 0.316 0.464 0.394 0.474 0.376 0.51  0.334 0.51
 0.362 0.448 0.286 0.448 0.546 0.424 0.386 0.382 0.45  0.442 0.292 0.404
 0.544 0.372 0.36  0.512 0.502 0.416 0.316 0.216 0.502 0.468 0.296 0.392
 0.366 0.466 0.446 0.268 0.434 0.496 0.296 0.506 0.418 0.416 0.296 0.304
 0.486 0.368 0.378 0.386 0.362 0.458 0.254 0.534 0.506 0.372 0.384 0.42
 0.498 0.338 0.438 0.414 0.284 0.504 0.414 0.462 0.234 0.4   0.294 0.424
 0.412 0.54  0.424 0.516]
	ave=0.407 max=0.666 min=0.206

python3 train.py key=JKNet_CiteSeer JKNet_CiteSeer.n_tri=100 JKNet_CiteSeer.n_layer=5 JKNet_CiteSeer.jk_mode=lstm JKNet_CiteSeer.att_mode=mx JKNet_CiteSeer.pre_transform="HomophilyRank2\(border\=0.3\)"
config: {'seed': 42, 'epochs': 200, 'patience': 100, 'learning_rate': 0.005, 'weight_decay': 0.0005, 'dropout': 0.5, 'model': 'JKNet_GCNConv', 'n_layer': 5, 'n_hid': 16, 'task': 'transductive', 'pre_transform': 'HomophilyRank2(border=0.3)', 'split': 'public', 'n_tri': 100, 'dataset': 'CiteSeer', 'transform': 'T.NormalizeFeatures()', 'n_feat': 3703, 'n_class': 6, 'jk_mode': 'lstm', 'att_mode': 'mx'}

whole test_acc (100 tries) = [0.567 0.538 0.615 0.336 0.364 0.351 0.59  0.403 0.54  0.551 0.248 0.525
 0.321 0.409 0.592 0.363 0.578 0.419 0.563 0.524 0.499 0.43  0.473 0.565
 0.452 0.467 0.273 0.552 0.304 0.424 0.32  0.323 0.37  0.339 0.291 0.29
 0.422 0.462 0.374 0.54  0.382 0.525 0.559 0.304 0.593 0.534 0.329 0.408
 0.367 0.412 0.344 0.483 0.382 0.376 0.354 0.447 0.453 0.518 0.35  0.294
 0.378 0.401 0.456 0.384 0.431 0.427 0.356 0.339 0.435 0.381 0.574 0.374
 0.384 0.387 0.527 0.406 0.342 0.411 0.356 0.332 0.328 0.413 0.351 0.314
 0.464 0.573 0.395 0.461 0.359 0.353 0.563 0.346 0.48  0.438 0.49  0.362
 0.347 0.401 0.47  0.518]
	ave=0.425 max=0.615 min=0.248
whole test_acc_top (100 tries) = [0.25  0.21  0.238 0.266 0.252 0.214 0.176 0.22  0.23  0.23  0.314 0.212
 0.224 0.218 0.226 0.144 0.228 0.174 0.188 0.168 0.208 0.172 0.276 0.192
 0.198 0.254 0.27  0.216 0.152 0.192 0.204 0.17  0.194 0.192 0.194 0.146
 0.214 0.156 0.252 0.216 0.13  0.18  0.26  0.234 0.188 0.254 0.274 0.264
 0.13  0.24  0.21  0.176 0.242 0.166 0.168 0.202 0.14  0.174 0.218 0.19
 0.194 0.194 0.2   0.25  0.188 0.254 0.108 0.2   0.124 0.174 0.244 0.186
 0.196 0.246 0.162 0.224 0.202 0.158 0.182 0.202 0.196 0.196 0.198 0.222
 0.19  0.27  0.19  0.17  0.178 0.244 0.214 0.236 0.154 0.244 0.17  0.14
 0.254 0.226 0.146 0.238]
	ave=0.205 max=0.314 min=0.108
whole test_acc_bot (100 tries) = [0.542 0.53  0.638 0.322 0.374 0.426 0.586 0.386 0.502 0.488 0.342 0.44
 0.34  0.472 0.598 0.418 0.626 0.366 0.58  0.494 0.468 0.368 0.432 0.536
 0.448 0.396 0.266 0.552 0.392 0.45  0.36  0.404 0.386 0.388 0.204 0.374
 0.414 0.394 0.444 0.496 0.296 0.428 0.584 0.326 0.58  0.492 0.36  0.498
 0.402 0.41  0.296 0.44  0.378 0.322 0.322 0.45  0.416 0.468 0.286 0.178
 0.21  0.406 0.44  0.41  0.452 0.428 0.26  0.286 0.384 0.414 0.596 0.384
 0.29  0.336 0.518 0.326 0.33  0.422 0.318 0.366 0.464 0.45  0.272 0.414
 0.554 0.556 0.404 0.488 0.276 0.382 0.572 0.272 0.472 0.426 0.454 0.416
 0.356 0.346 0.494 0.482]
	ave=0.417 max=0.638 min=0.178

python3 train.py key=JKNet_CiteSeer JKNet_CiteSeer.n_tri=100 JKNet_CiteSeer.n_layer=5 JKNet_CiteSeer.jk_mode=lstm JKNet_CiteSeer.att_mode=mx JKNet_CiteSeer.pre_transform="HomophilyRank2\(border\=0.4\)"
config: {'seed': 42, 'epochs': 200, 'patience': 100, 'learning_rate': 0.005, 'weight_decay': 0.0005, 'dropout': 0.5, 'model': 'JKNet_GCNConv', 'n_layer': 5, 'n_hid': 16, 'task': 'transductive', 'pre_transform': 'HomophilyRank2(border=0.4)', 'split': 'public', 'n_tri': 100, 'dataset': 'CiteSeer', 'transform': 'T.NormalizeFeatures()', 'n_feat': 3703, 'n_class': 6, 'jk_mode': 'lstm', 'att_mode': 'mx'}

whole test_acc (100 tries) = [0.313 0.326 0.358 0.472 0.485 0.272 0.412 0.452 0.334 0.606 0.436 0.403
 0.594 0.487 0.46  0.367 0.375 0.426 0.358 0.425 0.394 0.518 0.352 0.298
 0.522 0.379 0.415 0.366 0.461 0.381 0.538 0.339 0.376 0.42  0.391 0.599
 0.571 0.384 0.343 0.371 0.343 0.36  0.594 0.536 0.341 0.562 0.576 0.407
 0.397 0.385 0.476 0.381 0.402 0.481 0.434 0.361 0.431 0.355 0.351 0.41
 0.246 0.512 0.543 0.436 0.317 0.432 0.389 0.474 0.472 0.37  0.369 0.369
 0.322 0.322 0.342 0.469 0.337 0.451 0.324 0.338 0.324 0.443 0.478 0.358
 0.517 0.31  0.402 0.342 0.55  0.407 0.504 0.496 0.327 0.47  0.395 0.457
 0.403 0.535 0.345 0.385]
	ave=0.416 max=0.606 min=0.246
whole test_acc_top (100 tries) = [0.218 0.178 0.216 0.218 0.186 0.206 0.228 0.2   0.14  0.246 0.208 0.18
 0.242 0.226 0.246 0.198 0.182 0.232 0.164 0.196 0.168 0.136 0.236 0.2
 0.222 0.178 0.236 0.264 0.242 0.22  0.272 0.256 0.188 0.212 0.218 0.22
 0.238 0.202 0.252 0.2   0.294 0.228 0.244 0.22  0.174 0.232 0.188 0.174
 0.202 0.228 0.252 0.198 0.202 0.234 0.152 0.216 0.214 0.212 0.234 0.146
 0.216 0.222 0.244 0.188 0.16  0.216 0.254 0.236 0.26  0.198 0.178 0.218
 0.186 0.162 0.128 0.212 0.226 0.23  0.172 0.188 0.206 0.252 0.228 0.226
 0.216 0.226 0.216 0.098 0.218 0.216 0.19  0.224 0.18  0.184 0.23  0.2
 0.186 0.214 0.172 0.13 ]
	ave=0.208 max=0.294 min=0.098
whole test_acc_bot (100 tries) = [0.334 0.4   0.264 0.45  0.472 0.232 0.462 0.366 0.25  0.606 0.406 0.334
 0.596 0.432 0.412 0.416 0.422 0.454 0.268 0.444 0.29  0.484 0.304 0.316
 0.474 0.322 0.494 0.356 0.486 0.422 0.554 0.398 0.324 0.362 0.412 0.582
 0.54  0.386 0.396 0.394 0.442 0.446 0.544 0.55  0.378 0.526 0.538 0.344
 0.278 0.358 0.436 0.242 0.348 0.548 0.414 0.356 0.372 0.268 0.332 0.4
 0.306 0.486 0.492 0.322 0.296 0.478 0.466 0.474 0.532 0.262 0.302 0.36
 0.396 0.332 0.382 0.468 0.412 0.39  0.354 0.238 0.218 0.442 0.478 0.278
 0.496 0.37  0.276 0.288 0.474 0.386 0.46  0.462 0.358 0.416 0.386 0.446
 0.326 0.512 0.31  0.358]
	ave=0.399 max=0.606 min=0.218

python3 train.py key=JKNet_CiteSeer JKNet_CiteSeer.n_tri=100 JKNet_CiteSeer.n_layer=5 JKNet_CiteSeer.jk_mode=lstm JKNet_CiteSeer.att_mode=mx JKNet_CiteSeer.pre_transform="HomophilyRank2\(border\=0.5\)"
config: {'seed': 42, 'epochs': 200, 'patience': 100, 'learning_rate': 0.005, 'weight_decay': 0.0005, 'dropout': 0.5, 'model': 'JKNet_GCNConv', 'n_layer': 5, 'n_hid': 16, 'task': 'transductive', 'pre_transform': 'HomophilyRank2(border=0.5)', 'split': 'public', 'n_tri': 100, 'dataset': 'CiteSeer', 'transform': 'T.NormalizeFeatures()', 'n_feat': 3703, 'n_class': 6, 'jk_mode': 'lstm', 'att_mode': 'mx'}

whole test_acc (100 tries) = [0.373 0.343 0.399 0.477 0.344 0.61  0.358 0.523 0.464 0.323 0.401 0.594
 0.315 0.358 0.55  0.434 0.492 0.411 0.402 0.405 0.52  0.382 0.517 0.612
 0.338 0.541 0.487 0.572 0.459 0.346 0.395 0.331 0.522 0.426 0.503 0.52
 0.294 0.365 0.499 0.377 0.371 0.356 0.415 0.323 0.357 0.578 0.369 0.398
 0.443 0.522 0.36  0.316 0.529 0.365 0.539 0.306 0.38  0.55  0.555 0.31
 0.446 0.326 0.339 0.413 0.414 0.47  0.377 0.459 0.534 0.371 0.522 0.581
 0.548 0.57  0.443 0.416 0.305 0.342 0.415 0.43  0.558 0.36  0.337 0.367
 0.384 0.413 0.464 0.488 0.382 0.415 0.323 0.275 0.481 0.576 0.61  0.366
 0.363 0.466 0.399 0.304]
	ave=0.430 max=0.612 min=0.275
whole test_acc_top (100 tries) = [0.232 0.27  0.186 0.22  0.192 0.218 0.168 0.266 0.236 0.216 0.178 0.22
 0.138 0.238 0.234 0.172 0.24  0.192 0.166 0.214 0.2   0.256 0.198 0.216
 0.152 0.218 0.222 0.246 0.248 0.228 0.192 0.21  0.224 0.21  0.224 0.222
 0.198 0.198 0.262 0.254 0.18  0.176 0.252 0.18  0.194 0.236 0.248 0.15
 0.228 0.248 0.21  0.198 0.25  0.264 0.254 0.214 0.246 0.214 0.24  0.206
 0.198 0.242 0.232 0.188 0.18  0.262 0.202 0.264 0.234 0.214 0.188 0.232
 0.226 0.2   0.238 0.15  0.252 0.202 0.214 0.214 0.236 0.18  0.22  0.238
 0.186 0.168 0.218 0.198 0.154 0.16  0.182 0.158 0.236 0.212 0.248 0.21
 0.234 0.206 0.28  0.21 ]
	ave=0.214 max=0.280 min=0.138
whole test_acc_bot (100 tries) = [0.308 0.266 0.42  0.486 0.264 0.568 0.388 0.472 0.46  0.248 0.372 0.65
 0.252 0.454 0.508 0.414 0.46  0.292 0.34  0.424 0.484 0.504 0.476 0.546
 0.318 0.476 0.452 0.588 0.48  0.4   0.446 0.204 0.456 0.4   0.47  0.514
 0.282 0.314 0.51  0.348 0.316 0.39  0.436 0.382 0.322 0.516 0.472 0.386
 0.392 0.552 0.326 0.312 0.53  0.406 0.502 0.206 0.394 0.468 0.516 0.312
 0.454 0.276 0.362 0.388 0.354 0.506 0.42  0.534 0.53  0.338 0.504 0.548
 0.538 0.532 0.442 0.394 0.344 0.248 0.404 0.352 0.528 0.424 0.308 0.294
 0.278 0.428 0.366 0.576 0.366 0.312 0.342 0.13  0.478 0.592 0.62  0.234
 0.362 0.42  0.356 0.352]
	ave=0.411 max=0.650 min=0.130

python3 train.py key=JKNet_CiteSeer JKNet_CiteSeer.n_tri=100 JKNet_CiteSeer.n_layer=5 JKNet_CiteSeer.jk_mode=lstm JKNet_CiteSeer.att_mode=mx JKNet_CiteSeer.pre_transform="HomophilyRank2\(border\=0.6\)"
config: {'seed': 42, 'epochs': 200, 'patience': 100, 'learning_rate': 0.005, 'weight_decay': 0.0005, 'dropout': 0.5, 'model': 'JKNet_GCNConv', 'n_layer': 5, 'n_hid': 16, 'task': 'transductive', 'pre_transform': 'HomophilyRank2(border=0.6)', 'split': 'public', 'n_tri': 100, 'dataset': 'CiteSeer', 'transform': 'T.NormalizeFeatures()', 'n_feat': 3703, 'n_class': 6, 'jk_mode': 'lstm', 'att_mode': 'mx'}

whole test_acc (100 tries) = [0.541 0.411 0.426 0.385 0.379 0.321 0.55  0.578 0.343 0.399 0.356 0.449
 0.566 0.489 0.534 0.449 0.566 0.337 0.578 0.558 0.377 0.396 0.426 0.367
 0.364 0.442 0.429 0.478 0.37  0.372 0.497 0.356 0.316 0.403 0.375 0.54
 0.538 0.321 0.339 0.333 0.507 0.376 0.345 0.295 0.432 0.428 0.485 0.52
 0.381 0.595 0.342 0.299 0.602 0.36  0.395 0.39  0.429 0.381 0.395 0.4
 0.373 0.348 0.349 0.374 0.312 0.338 0.435 0.342 0.472 0.418 0.328 0.447
 0.512 0.375 0.375 0.35  0.383 0.273 0.513 0.373 0.363 0.553 0.475 0.508
 0.5   0.383 0.337 0.376 0.523 0.485 0.482 0.547 0.556 0.453 0.497 0.504
 0.334 0.39  0.366 0.249]
	ave=0.422 max=0.602 min=0.249
whole test_acc_top (100 tries) = [0.254 0.246 0.232 0.218 0.192 0.258 0.222 0.274 0.22  0.244 0.19  0.186
 0.258 0.264 0.262 0.226 0.278 0.2   0.26  0.264 0.236 0.224 0.268 0.206
 0.222 0.234 0.244 0.254 0.25  0.208 0.266 0.194 0.216 0.222 0.192 0.286
 0.262 0.182 0.18  0.226 0.25  0.24  0.152 0.172 0.206 0.27  0.24  0.238
 0.228 0.256 0.244 0.172 0.268 0.246 0.224 0.172 0.222 0.276 0.222 0.222
 0.22  0.204 0.258 0.214 0.27  0.172 0.244 0.194 0.24  0.25  0.246 0.254
 0.264 0.174 0.202 0.27  0.242 0.278 0.23  0.252 0.238 0.284 0.208 0.246
 0.276 0.242 0.182 0.222 0.304 0.246 0.258 0.26  0.244 0.204 0.236 0.294
 0.222 0.224 0.232 0.252]
	ave=0.234 max=0.304 min=0.152
whole test_acc_bot (100 tries) = [0.542 0.314 0.37  0.374 0.396 0.326 0.512 0.53  0.352 0.404 0.32  0.424
 0.574 0.472 0.53  0.438 0.562 0.258 0.54  0.536 0.432 0.398 0.41  0.396
 0.37  0.352 0.386 0.544 0.288 0.322 0.484 0.326 0.182 0.316 0.436 0.496
 0.56  0.378 0.354 0.314 0.404 0.424 0.22  0.298 0.438 0.436 0.524 0.448
 0.286 0.586 0.294 0.412 0.574 0.378 0.31  0.326 0.504 0.344 0.35  0.352
 0.258 0.304 0.376 0.252 0.374 0.22  0.428 0.326 0.458 0.436 0.352 0.446
 0.588 0.406 0.308 0.466 0.35  0.244 0.466 0.316 0.326 0.476 0.366 0.484
 0.468 0.292 0.416 0.412 0.518 0.43  0.558 0.536 0.504 0.378 0.424 0.446
 0.386 0.404 0.422 0.282]
	ave=0.403 max=0.588 min=0.182

python3 train.py key=JKNet_CiteSeer JKNet_CiteSeer.n_tri=100 JKNet_CiteSeer.n_layer=5 JKNet_CiteSeer.jk_mode=lstm JKNet_CiteSeer.att_mode=mx JKNet_CiteSeer.pre_transform="HomophilyRank2\(border\=0.7\)"
config: {'seed': 42, 'epochs': 200, 'patience': 100, 'learning_rate': 0.005, 'weight_decay': 0.0005, 'dropout': 0.5, 'model': 'JKNet_GCNConv', 'n_layer': 5, 'n_hid': 16, 'task': 'transductive', 'pre_transform': 'HomophilyRank2(border=0.7)', 'split': 'public', 'n_tri': 100, 'dataset': 'CiteSeer', 'transform': 'T.NormalizeFeatures()', 'n_feat': 3703, 'n_class': 6, 'jk_mode': 'lstm', 'att_mode': 'mx'}

whole test_acc (100 tries) = [0.413 0.415 0.327 0.486 0.39  0.431 0.402 0.517 0.487 0.379 0.623 0.334
 0.584 0.424 0.557 0.412 0.384 0.424 0.597 0.386 0.561 0.412 0.559 0.341
 0.308 0.337 0.345 0.411 0.366 0.366 0.379 0.333 0.564 0.394 0.578 0.327
 0.529 0.361 0.466 0.321 0.341 0.336 0.363 0.461 0.354 0.381 0.395 0.399
 0.432 0.443 0.381 0.369 0.415 0.407 0.391 0.284 0.337 0.576 0.524 0.419
 0.406 0.515 0.305 0.339 0.398 0.356 0.44  0.593 0.425 0.376 0.551 0.361
 0.407 0.557 0.415 0.343 0.447 0.339 0.563 0.48  0.373 0.38  0.401 0.418
 0.348 0.471 0.408 0.33  0.315 0.482 0.499 0.364 0.425 0.523 0.506 0.369
 0.557 0.364 0.521 0.414]
	ave=0.423 max=0.623 min=0.284
whole test_acc_top (100 tries) = [0.25  0.272 0.206 0.238 0.254 0.254 0.238 0.246 0.23  0.244 0.28  0.218
 0.234 0.218 0.266 0.272 0.214 0.174 0.27  0.23  0.262 0.176 0.26  0.222
 0.266 0.174 0.168 0.214 0.234 0.198 0.23  0.19  0.276 0.234 0.282 0.282
 0.232 0.2   0.204 0.234 0.268 0.238 0.162 0.244 0.214 0.164 0.21  0.244
 0.226 0.222 0.242 0.176 0.236 0.26  0.232 0.246 0.2   0.282 0.26  0.242
 0.204 0.242 0.172 0.162 0.222 0.212 0.204 0.254 0.264 0.238 0.278 0.174
 0.23  0.276 0.234 0.228 0.244 0.178 0.244 0.242 0.17  0.272 0.232 0.256
 0.218 0.256 0.256 0.148 0.216 0.224 0.252 0.222 0.244 0.25  0.22  0.25
 0.256 0.172 0.2   0.246]
	ave=0.230 max=0.282 min=0.148
whole test_acc_bot (100 tries) = [0.36  0.282 0.492 0.508 0.352 0.438 0.392 0.482 0.498 0.25  0.54  0.402
 0.548 0.438 0.526 0.402 0.338 0.422 0.518 0.274 0.52  0.41  0.49  0.258
 0.326 0.356 0.416 0.374 0.368 0.386 0.276 0.4   0.546 0.484 0.592 0.342
 0.442 0.418 0.492 0.292 0.252 0.364 0.376 0.386 0.386 0.336 0.29  0.302
 0.396 0.346 0.378 0.354 0.336 0.432 0.408 0.22  0.36  0.554 0.478 0.496
 0.358 0.556 0.368 0.32  0.384 0.424 0.446 0.62  0.458 0.37  0.56  0.406
 0.302 0.588 0.348 0.41  0.352 0.406 0.454 0.366 0.378 0.402 0.304 0.296
 0.366 0.494 0.278 0.356 0.346 0.49  0.502 0.386 0.418 0.452 0.524 0.258
 0.608 0.368 0.59  0.304]
	ave=0.407 max=0.620 min=0.220

python3 train.py key=JKNet_CiteSeer JKNet_CiteSeer.n_tri=100 JKNet_CiteSeer.n_layer=5 JKNet_CiteSeer.jk_mode=lstm JKNet_CiteSeer.att_mode=sd JKNet_CiteSeer.pre_transform="HomophilyRank2\(border\=0.3\)"
config: {'seed': 42, 'epochs': 200, 'patience': 100, 'learning_rate': 0.005, 'weight_decay': 0.0005, 'dropout': 0.5, 'model': 'JKNet_GCNConv', 'n_layer': 5, 'n_hid': 16, 'task': 'transductive', 'pre_transform': 'HomophilyRank2(border=0.3)', 'split': 'public', 'n_tri': 100, 'dataset': 'CiteSeer', 'transform': 'T.NormalizeFeatures()', 'n_feat': 3703, 'n_class': 6, 'jk_mode': 'lstm', 'att_mode': 'sd'}

whole test_acc (100 tries) = [0.323 0.402 0.535 0.334 0.414 0.38  0.542 0.367 0.571 0.376 0.372 0.4
 0.336 0.457 0.438 0.379 0.366 0.365 0.592 0.333 0.412 0.566 0.383 0.318
 0.368 0.43  0.388 0.395 0.412 0.364 0.412 0.322 0.426 0.394 0.398 0.346
 0.57  0.385 0.525 0.417 0.466 0.522 0.321 0.363 0.392 0.358 0.605 0.547
 0.439 0.527 0.47  0.42  0.433 0.481 0.579 0.428 0.413 0.347 0.352 0.326
 0.403 0.267 0.497 0.489 0.526 0.551 0.538 0.4   0.347 0.585 0.34  0.369
 0.578 0.316 0.606 0.372 0.364 0.538 0.576 0.399 0.366 0.575 0.343 0.477
 0.326 0.382 0.406 0.561 0.427 0.426 0.361 0.466 0.411 0.517 0.389 0.548
 0.369 0.429 0.39  0.372]
	ave=0.429 max=0.606 min=0.267
whole test_acc_top (100 tries) = [0.236 0.232 0.244 0.21  0.226 0.19  0.226 0.238 0.222 0.174 0.264 0.258
 0.294 0.196 0.216 0.256 0.196 0.186 0.25  0.238 0.248 0.238 0.194 0.208
 0.164 0.22  0.16  0.152 0.166 0.204 0.206 0.182 0.216 0.16  0.228 0.152
 0.212 0.116 0.238 0.218 0.212 0.228 0.236 0.246 0.136 0.282 0.212 0.16
 0.262 0.218 0.248 0.17  0.204 0.188 0.284 0.224 0.146 0.182 0.19  0.192
 0.162 0.134 0.212 0.27  0.24  0.278 0.2   0.212 0.19  0.25  0.258 0.258
 0.262 0.158 0.238 0.254 0.202 0.24  0.228 0.248 0.274 0.208 0.194 0.218
 0.172 0.242 0.222 0.2   0.21  0.108 0.26  0.262 0.21  0.218 0.156 0.21
 0.23  0.214 0.19  0.208]
	ave=0.214 max=0.294 min=0.108
whole test_acc_bot (100 tries) = [0.406 0.468 0.518 0.334 0.364 0.23  0.522 0.272 0.544 0.344 0.46  0.474
 0.396 0.49  0.524 0.322 0.256 0.298 0.574 0.384 0.422 0.566 0.324 0.224
 0.422 0.47  0.392 0.284 0.33  0.362 0.44  0.322 0.49  0.4   0.438 0.412
 0.508 0.284 0.576 0.308 0.514 0.502 0.376 0.436 0.33  0.384 0.588 0.492
 0.444 0.462 0.478 0.358 0.404 0.436 0.566 0.466 0.358 0.378 0.266 0.192
 0.328 0.258 0.494 0.468 0.468 0.536 0.566 0.508 0.372 0.538 0.454 0.486
 0.564 0.23  0.576 0.388 0.43  0.548 0.472 0.416 0.402 0.554 0.382 0.426
 0.312 0.378 0.428 0.528 0.458 0.354 0.35  0.436 0.438 0.564 0.348 0.544
 0.442 0.384 0.274 0.416]
	ave=0.421 max=0.588 min=0.192

python3 train.py key=JKNet_CiteSeer JKNet_CiteSeer.n_tri=100 JKNet_CiteSeer.n_layer=5 JKNet_CiteSeer.jk_mode=lstm JKNet_CiteSeer.att_mode=sd JKNet_CiteSeer.pre_transform="HomophilyRank2\(border\=0.4\)"
config: {'seed': 42, 'epochs': 200, 'patience': 100, 'learning_rate': 0.005, 'weight_decay': 0.0005, 'dropout': 0.5, 'model': 'JKNet_GCNConv', 'n_layer': 5, 'n_hid': 16, 'task': 'transductive', 'pre_transform': 'HomophilyRank2(border=0.4)', 'split': 'public', 'n_tri': 100, 'dataset': 'CiteSeer', 'transform': 'T.NormalizeFeatures()', 'n_feat': 3703, 'n_class': 6, 'jk_mode': 'lstm', 'att_mode': 'sd'}

whole test_acc (100 tries) = [0.403 0.432 0.389 0.429 0.38  0.337 0.345 0.416 0.567 0.574 0.544 0.4
 0.413 0.436 0.376 0.482 0.437 0.324 0.587 0.455 0.332 0.383 0.391 0.568
 0.377 0.378 0.356 0.391 0.35  0.564 0.379 0.409 0.529 0.385 0.369 0.357
 0.398 0.484 0.387 0.36  0.346 0.399 0.386 0.402 0.533 0.426 0.423 0.411
 0.353 0.565 0.439 0.6   0.361 0.419 0.575 0.416 0.479 0.417 0.331 0.369
 0.548 0.415 0.569 0.4   0.602 0.434 0.597 0.358 0.479 0.43  0.458 0.297
 0.559 0.371 0.57  0.396 0.538 0.415 0.396 0.435 0.319 0.341 0.385 0.455
 0.474 0.567 0.363 0.428 0.388 0.345 0.264 0.428 0.591 0.377 0.325 0.442
 0.339 0.426 0.386 0.404]
	ave=0.428 max=0.602 min=0.264
whole test_acc_top (100 tries) = [0.214 0.204 0.144 0.182 0.244 0.22  0.244 0.244 0.246 0.26  0.24  0.224
 0.264 0.248 0.242 0.218 0.204 0.168 0.168 0.258 0.21  0.202 0.154 0.214
 0.152 0.25  0.248 0.252 0.248 0.174 0.244 0.222 0.262 0.22  0.236 0.226
 0.226 0.258 0.198 0.248 0.188 0.212 0.186 0.19  0.272 0.222 0.176 0.158
 0.236 0.222 0.222 0.224 0.248 0.182 0.198 0.218 0.234 0.242 0.22  0.216
 0.26  0.228 0.232 0.18  0.208 0.204 0.24  0.25  0.24  0.196 0.24  0.186
 0.246 0.168 0.224 0.184 0.236 0.178 0.164 0.254 0.24  0.204 0.232 0.246
 0.208 0.228 0.268 0.226 0.164 0.192 0.242 0.238 0.226 0.274 0.206 0.184
 0.206 0.182 0.222 0.232]
	ave=0.219 max=0.274 min=0.144
whole test_acc_bot (100 tries) = [0.402 0.36  0.37  0.408 0.392 0.256 0.346 0.53  0.508 0.502 0.53  0.426
 0.412 0.416 0.316 0.4   0.482 0.296 0.556 0.478 0.228 0.262 0.386 0.526
 0.254 0.358 0.372 0.322 0.366 0.604 0.42  0.36  0.534 0.45  0.368 0.356
 0.394 0.462 0.378 0.428 0.404 0.414 0.346 0.314 0.496 0.356 0.43  0.368
 0.338 0.526 0.376 0.624 0.404 0.364 0.534 0.444 0.394 0.418 0.312 0.258
 0.524 0.382 0.522 0.346 0.59  0.308 0.57  0.356 0.564 0.388 0.468 0.23
 0.596 0.376 0.498 0.266 0.542 0.382 0.378 0.428 0.384 0.232 0.31  0.458
 0.486 0.564 0.364 0.476 0.448 0.332 0.22  0.428 0.532 0.404 0.236 0.424
 0.264 0.444 0.372 0.408]
	ave=0.408 max=0.624 min=0.220

python3 train.py key=JKNet_CiteSeer JKNet_CiteSeer.n_tri=100 JKNet_CiteSeer.n_layer=5 JKNet_CiteSeer.jk_mode=lstm JKNet_CiteSeer.att_mode=sd JKNet_CiteSeer.pre_transform="HomophilyRank2\(border\=0.5\)"
config: {'seed': 42, 'epochs': 200, 'patience': 100, 'learning_rate': 0.005, 'weight_decay': 0.0005, 'dropout': 0.5, 'model': 'JKNet_GCNConv', 'n_layer': 5, 'n_hid': 16, 'task': 'transductive', 'pre_transform': 'HomophilyRank2(border=0.5)', 'split': 'public', 'n_tri': 100, 'dataset': 'CiteSeer', 'transform': 'T.NormalizeFeatures()', 'n_feat': 3703, 'n_class': 6, 'jk_mode': 'lstm', 'att_mode': 'sd'}

whole test_acc (100 tries) = [0.416 0.409 0.353 0.39  0.586 0.396 0.421 0.342 0.336 0.481 0.4   0.573
 0.5   0.343 0.454 0.538 0.384 0.409 0.403 0.288 0.514 0.539 0.427 0.372
 0.59  0.324 0.413 0.419 0.547 0.413 0.562 0.4   0.31  0.58  0.331 0.305
 0.374 0.407 0.332 0.43  0.397 0.434 0.375 0.367 0.528 0.461 0.357 0.411
 0.38  0.364 0.402 0.5   0.552 0.369 0.455 0.582 0.316 0.287 0.439 0.435
 0.542 0.449 0.386 0.407 0.462 0.568 0.445 0.578 0.531 0.413 0.427 0.367
 0.414 0.576 0.485 0.326 0.37  0.449 0.549 0.589 0.586 0.505 0.374 0.488
 0.601 0.552 0.35  0.571 0.411 0.525 0.556 0.539 0.342 0.394 0.386 0.354
 0.402 0.477 0.432 0.497]
	ave=0.441 max=0.601 min=0.287
whole test_acc_top (100 tries) = [0.236 0.212 0.23  0.248 0.224 0.254 0.216 0.216 0.17  0.278 0.208 0.218
 0.254 0.206 0.184 0.244 0.238 0.184 0.142 0.242 0.212 0.26  0.26  0.224
 0.258 0.264 0.246 0.212 0.202 0.252 0.184 0.26  0.206 0.234 0.194 0.204
 0.172 0.22  0.212 0.204 0.204 0.186 0.232 0.234 0.23  0.236 0.216 0.216
 0.154 0.266 0.24  0.214 0.208 0.168 0.174 0.224 0.212 0.192 0.272 0.228
 0.272 0.158 0.214 0.218 0.194 0.258 0.224 0.236 0.256 0.206 0.196 0.266
 0.218 0.254 0.24  0.244 0.15  0.238 0.23  0.238 0.238 0.244 0.212 0.226
 0.202 0.22  0.176 0.222 0.184 0.216 0.246 0.22  0.222 0.194 0.238 0.196
 0.238 0.268 0.166 0.264]
	ave=0.221 max=0.278 min=0.142
whole test_acc_bot (100 tries) = [0.348 0.292 0.37  0.358 0.546 0.418 0.33  0.236 0.36  0.47  0.32  0.536
 0.534 0.386 0.434 0.438 0.388 0.322 0.362 0.304 0.496 0.522 0.44  0.414
 0.548 0.372 0.444 0.452 0.502 0.41  0.578 0.388 0.37  0.58  0.368 0.236
 0.254 0.374 0.334 0.412 0.39  0.374 0.332 0.296 0.472 0.452 0.4   0.382
 0.39  0.408 0.41  0.482 0.488 0.364 0.418 0.516 0.328 0.202 0.41  0.48
 0.486 0.43  0.296 0.402 0.382 0.576 0.41  0.578 0.508 0.4   0.39  0.418
 0.274 0.55  0.44  0.288 0.282 0.442 0.486 0.566 0.564 0.59  0.29  0.546
 0.538 0.528 0.358 0.522 0.392 0.47  0.52  0.518 0.38  0.41  0.342 0.284
 0.306 0.39  0.478 0.558]
	ave=0.418 max=0.590 min=0.202

python3 train.py key=JKNet_CiteSeer JKNet_CiteSeer.n_tri=100 JKNet_CiteSeer.n_layer=5 JKNet_CiteSeer.jk_mode=lstm JKNet_CiteSeer.att_mode=sd JKNet_CiteSeer.pre_transform="HomophilyRank2\(border\=0.6\)"
config: {'seed': 42, 'epochs': 200, 'patience': 100, 'learning_rate': 0.005, 'weight_decay': 0.0005, 'dropout': 0.5, 'model': 'JKNet_GCNConv', 'n_layer': 5, 'n_hid': 16, 'task': 'transductive', 'pre_transform': 'HomophilyRank2(border=0.6)', 'split': 'public', 'n_tri': 100, 'dataset': 'CiteSeer', 'transform': 'T.NormalizeFeatures()', 'n_feat': 3703, 'n_class': 6, 'jk_mode': 'lstm', 'att_mode': 'sd'}

whole test_acc (100 tries) = [0.385 0.394 0.401 0.384 0.49  0.394 0.604 0.458 0.45  0.381 0.303 0.342
 0.373 0.452 0.564 0.343 0.474 0.57  0.318 0.397 0.362 0.382 0.388 0.339
 0.48  0.419 0.574 0.332 0.537 0.388 0.573 0.4   0.47  0.379 0.535 0.391
 0.541 0.393 0.521 0.536 0.564 0.529 0.612 0.451 0.565 0.482 0.301 0.575
 0.429 0.417 0.43  0.435 0.463 0.335 0.351 0.591 0.35  0.294 0.355 0.594
 0.301 0.42  0.309 0.33  0.404 0.401 0.562 0.345 0.283 0.567 0.521 0.426
 0.426 0.369 0.369 0.374 0.293 0.429 0.36  0.569 0.27  0.386 0.501 0.398
 0.308 0.324 0.298 0.447 0.535 0.613 0.38  0.409 0.394 0.415 0.386 0.319
 0.39  0.397 0.449 0.551]
	ave=0.428 max=0.613 min=0.270
whole test_acc_top (100 tries) = [0.234 0.186 0.216 0.21  0.242 0.208 0.26  0.268 0.224 0.23  0.18  0.234
 0.218 0.22  0.224 0.264 0.224 0.254 0.176 0.212 0.262 0.288 0.198 0.216
 0.252 0.23  0.256 0.22  0.272 0.218 0.264 0.262 0.25  0.236 0.244 0.226
 0.25  0.206 0.28  0.27  0.246 0.264 0.246 0.28  0.212 0.276 0.228 0.256
 0.246 0.238 0.234 0.31  0.248 0.176 0.244 0.258 0.262 0.202 0.194 0.268
 0.256 0.23  0.174 0.262 0.246 0.194 0.244 0.264 0.184 0.246 0.22  0.214
 0.198 0.258 0.212 0.226 0.242 0.242 0.228 0.256 0.214 0.202 0.222 0.254
 0.204 0.218 0.162 0.248 0.262 0.294 0.278 0.16  0.26  0.216 0.216 0.228
 0.19  0.214 0.24  0.282]
	ave=0.234 max=0.310 min=0.160
whole test_acc_bot (100 tries) = [0.374 0.296 0.33  0.282 0.446 0.384 0.57  0.394 0.406 0.392 0.292 0.354
 0.444 0.524 0.482 0.294 0.466 0.57  0.42  0.398 0.334 0.376 0.454 0.438
 0.384 0.368 0.594 0.238 0.518 0.39  0.544 0.392 0.41  0.328 0.528 0.416
 0.518 0.492 0.452 0.508 0.536 0.442 0.55  0.466 0.534 0.496 0.32  0.54
 0.422 0.416 0.31  0.364 0.444 0.378 0.292 0.562 0.3   0.366 0.366 0.554
 0.306 0.428 0.352 0.316 0.396 0.42  0.504 0.21  0.28  0.532 0.418 0.428
 0.448 0.31  0.368 0.286 0.288 0.44  0.272 0.548 0.362 0.352 0.47  0.402
 0.334 0.364 0.348 0.424 0.55  0.63  0.362 0.406 0.484 0.416 0.31  0.34
 0.402 0.42  0.418 0.57 ]
	ave=0.414 max=0.630 min=0.210

python3 train.py key=JKNet_CiteSeer JKNet_CiteSeer.n_tri=100 JKNet_CiteSeer.n_layer=5 JKNet_CiteSeer.jk_mode=lstm JKNet_CiteSeer.att_mode=sd JKNet_CiteSeer.pre_transform="HomophilyRank2\(border\=0.7\)"
config: {'seed': 42, 'epochs': 200, 'patience': 100, 'learning_rate': 0.005, 'weight_decay': 0.0005, 'dropout': 0.5, 'model': 'JKNet_GCNConv', 'n_layer': 5, 'n_hid': 16, 'task': 'transductive', 'pre_transform': 'HomophilyRank2(border=0.7)', 'split': 'public', 'n_tri': 100, 'dataset': 'CiteSeer', 'transform': 'T.NormalizeFeatures()', 'n_feat': 3703, 'n_class': 6, 'jk_mode': 'lstm', 'att_mode': 'sd'}

whole test_acc (100 tries) = [0.324 0.403 0.321 0.363 0.515 0.35  0.396 0.359 0.585 0.3   0.398 0.365
 0.572 0.556 0.35  0.378 0.399 0.274 0.408 0.355 0.518 0.506 0.521 0.373
 0.395 0.423 0.455 0.404 0.554 0.397 0.426 0.413 0.394 0.429 0.397 0.418
 0.474 0.372 0.572 0.345 0.42  0.445 0.458 0.416 0.347 0.479 0.442 0.365
 0.443 0.574 0.404 0.353 0.385 0.472 0.311 0.534 0.398 0.565 0.513 0.416
 0.574 0.355 0.382 0.405 0.327 0.336 0.433 0.414 0.447 0.546 0.557 0.375
 0.445 0.382 0.332 0.381 0.363 0.533 0.363 0.402 0.588 0.31  0.367 0.347
 0.343 0.413 0.403 0.535 0.414 0.391 0.417 0.422 0.359 0.387 0.519 0.591
 0.31  0.41  0.56  0.371]
	ave=0.423 max=0.591 min=0.274
whole test_acc_top (100 tries) = [0.26  0.2   0.212 0.208 0.248 0.156 0.154 0.17  0.266 0.256 0.222 0.22
 0.254 0.252 0.238 0.254 0.182 0.198 0.254 0.212 0.214 0.282 0.262 0.24
 0.2   0.216 0.178 0.246 0.236 0.184 0.25  0.242 0.21  0.276 0.256 0.23
 0.228 0.258 0.258 0.238 0.218 0.23  0.198 0.256 0.238 0.198 0.274 0.218
 0.25  0.26  0.204 0.232 0.22  0.272 0.17  0.258 0.206 0.236 0.27  0.214
 0.228 0.284 0.254 0.248 0.216 0.196 0.234 0.262 0.252 0.26  0.27  0.186
 0.208 0.23  0.236 0.262 0.244 0.254 0.202 0.296 0.266 0.182 0.22  0.222
 0.254 0.252 0.262 0.28  0.23  0.23  0.244 0.246 0.226 0.198 0.248 0.256
 0.262 0.212 0.262 0.21 ]
	ave=0.233 max=0.296 min=0.154
whole test_acc_bot (100 tries) = [0.374 0.382 0.398 0.418 0.484 0.226 0.364 0.382 0.588 0.282 0.46  0.312
 0.588 0.478 0.326 0.266 0.384 0.282 0.35  0.418 0.468 0.498 0.524 0.342
 0.39  0.44  0.46  0.31  0.526 0.386 0.336 0.378 0.254 0.37  0.468 0.3
 0.504 0.322 0.538 0.366 0.448 0.422 0.418 0.384 0.216 0.46  0.462 0.212
 0.45  0.546 0.354 0.35  0.372 0.534 0.4   0.544 0.328 0.528 0.486 0.326
 0.556 0.254 0.334 0.33  0.266 0.322 0.524 0.324 0.502 0.462 0.51  0.43
 0.468 0.33  0.206 0.42  0.266 0.554 0.386 0.39  0.55  0.346 0.242 0.372
 0.246 0.376 0.36  0.486 0.438 0.462 0.312 0.54  0.31  0.446 0.542 0.546
 0.232 0.33  0.516 0.228]
	ave=0.399 max=0.588 min=0.206

python3 train_reddit.py key=JKNet_Reddit JKNet_Reddit.n_tri=10 JKNet_Reddit.n_layer=2 JKNet_Reddit.att_mode=go

python3 train_reddit.py key=JKNet_Reddit JKNet_Reddit.n_tri=10 JKNet_Reddit.n_layer=2 JKNet_Reddit.att_mode=mx

python3 train_reddit.py key=JKNet_Reddit JKNet_Reddit.n_tri=10 JKNet_Reddit.n_layer=2 JKNet_Reddit.att_mode=sd

